52 
134 
67 
42 
33 
167 
83 
68 
129 
195 
32 
144 
136 
228 
172 
21 
198 
25 
136 
87 
48 
1 
55 
147 
8 
29 
136 
14 
17 
138 
163 
177 
128 
56 
202 
195 
216 
134 
6 
34 
148 
3 
142 
228 
133 
131 
153 
23 
176 
179 
132 
18 
15 
15 
14 
17 
200 
31 
4 
77 
25 
11 
171 
175 
129 
1 
128 
17 
130 
135 
182 
180 
166 
13 
135 
195 
163 
36 
153 
62 
116 
179 
187 
23 
142 
172 
178 
5 
67 
41 
228 
32 
31 
48 
161 
179 
174 
121 
141 
25 
23 
151 
154 
196 
18 
77 
133 
67 
143 
54 
79 
7 
21 
40 
147 
190 
135 
100 
128 
174 
70 
37 
187 
30 
129 
127 
133 
177 
88 
32 
57 
206 
19 
49 
69 
189 
78 
40 
166 
141 
182 
30 
180 
35 
18 
89 
93 
178 
142 
152 
106 
62 
153 
8 
196 
33 
45 
172 
170 
18 
62 
69 
54 
66 
12 
195 
130 
150 
154 
33 
193 
129 
178 
193 
22 
47 
151 
26 
150 
76 
69 
162 
20 
2 
46 
173 
26 
150 
232 
156 
56 
136 
44 
57 
179 
12 
132 
226 
16 
180 
13 
140 
225 
171 
52 
62 
0 
9 
6 
175 
151 
174 
40 
153 
156 
128 
152 
196 
183 
15 
69 
2 
61 
181 
38 
80 
49 
182 
53 
39 
229 
13 
45 
8 
164 
0 
45 
211 
63 
167 
17 
240 
67 
138 
176 
0 
206 
159 
11 
226 
11 
10 
19 
39 
6 
199 
52 
134 
67 
42 
33 
167 
83 
68 
129 
195 
32 
144 
136 
228 
172 
21 
198 
25 
136 
87 
48 
1 
55 
147 
8 
29 
136 
14 
17 
138 
163 
177 
128 
56 
202 
195 
216 
134 
6 
34 
148 
3 
142 
228 
133 
131 
153 
23 
176 
179 
132 
18 
15 
15 
14 
17 
200 
31 
4 
77 
25 
11 
171 
175 
129 
1 
128 
17 
130 
135 
182 
180 
166 
13 
135 
195 
163 
36 
153 
62 
116 
179 
187 
23 
142 
172 
178 
5 
67 
41 
228 
32 
31 
48 
161 
179 
174 
121 
141 
25 
23 
151 
154 
196 
18 
77 
133 
67 
143 
54 
79 
7 
21 
40 
147 
190 
135 
100 
128 
174 
70 
37 
187 
30 
129 
127 
133 
177 
88 
32 
57 
206 
19 
49 
69 
189 
78 
40 
166 
141 
182 
30 
180 
35 
18 
89 
93 
178 
142 
152 
106 
62 
153 
8 
196 
33 
45 
172 
170 
18 
62 
69 
54 
66 
12 
195 
130 
150 
154 
33 
193 
129 
178 
193 
22 
47 
151 
26 
150 
76 
69 
162 
20 
2 
46 
173 
26 
150 
232 
156 
56 
136 
44 
57 
179 
12 
132 
226 
16 
180 
13 
140 
225 
171 
52 
62 
0 
9 
6 
175 
151 
174 
40 
153 
156 
128 
152 
196 
183 
15 
69 
2 
61 
181 
38 
80 
49 
182 
53 
39 
229 
13 
45 
8 
164 
0 
45 
211 
63 
167 
17 
240 
67 
138 
176 
0 
206 
159 
11 
226 
11 
10 
19 
39 
6 
199 
