4 
8 
128 
27 
163 
79 
160 
14 
5 
19 
61 
37 
134 
10 
43 
18 
0 
66 
89 
191 
20 
146 
131 
155 
133 
6 
6 
51 
134 
24 
156 
178 
37 
35 
4 
154 
164 
15 
40 
140 
67 
197 
141 
56 
17 
20 
32 
2 
22 
155 
21 
64 
30 
50 
136 
151 
5 
1 
44 
194 
188 
180 
166 
146 
23 
39 
128 
225 
64 
98 
81 
169 
0 
35 
151 
11 
53 
145 
246 
24 
64 
9 
236 
185 
229 
18 
14 
30 
140 
157 
121 
38 
6 
235 
164 
166 
48 
58 
147 
141 
146 
180 
138 
36 
36 
21 
23 
150 
17 
208 
142 
25 
123 
26 
9 
136 
61 
175 
148 
62 
37 
172 
95 
125 
53 
182 
219 
117 
181 
20 
195 
157 
4 
60 
20 
41 
65 
37 
17 
6 
158 
134 
159 
28 
24 
40 
132 
105 
154 
224 
136 
26 
183 
241 
223 
26 
182 
95 
161 
36 
116 
138 
4 
137 
158 
141 
32 
187 
36 
181 
113 
34 
6 
130 
11 
10 
66 
120 
202 
29 
4 
154 
144 
137 
92 
13 
195 
41 
143 
167 
21 
147 
47 
177 
209 
62 
154 
2 
43 
12 
219 
47 
167 
34 
140 
151 
179 
183 
50 
150 
11 
135 
15 
158 
30 
255 
115 
223 
244 
206 
11 
184 
22 
236 
134 
1 
59 
47 
13 
133 
140 
16 
20 
148 
166 
13 
20 
182 
201 
154 
47 
67 
226 
16 
173 
138 
73 
213 
21 
190 
9 
9 
27 
156 
142 
54 
4 
8 
128 
27 
163 
79 
160 
14 
5 
19 
61 
37 
134 
10 
43 
18 
0 
66 
89 
191 
20 
146 
131 
155 
133 
6 
6 
51 
134 
24 
156 
178 
37 
35 
4 
154 
164 
15 
40 
140 
67 
197 
141 
56 
17 
20 
32 
2 
22 
155 
21 
64 
30 
50 
136 
151 
5 
1 
44 
194 
188 
180 
166 
146 
23 
39 
128 
225 
64 
98 
81 
169 
0 
35 
151 
11 
53 
145 
246 
24 
64 
9 
236 
185 
229 
18 
14 
30 
140 
157 
121 
38 
6 
235 
164 
166 
48 
58 
147 
141 
146 
180 
138 
36 
36 
21 
23 
150 
17 
208 
142 
25 
123 
26 
9 
136 
61 
175 
148 
62 
37 
172 
95 
125 
53 
182 
219 
117 
181 
20 
195 
157 
4 
60 
20 
41 
65 
37 
17 
6 
158 
134 
159 
28 
24 
40 
132 
105 
154 
224 
136 
26 
183 
241 
223 
26 
182 
95 
161 
36 
116 
138 
4 
137 
158 
141 
32 
187 
36 
181 
113 
34 
6 
130 
11 
10 
66 
120 
202 
29 
4 
154 
144 
137 
92 
13 
195 
41 
143 
167 
21 
147 
47 
177 
209 
62 
154 
2 
43 
12 
219 
47 
167 
34 
140 
151 
179 
183 
50 
150 
11 
135 
15 
158 
30 
255 
115 
223 
244 
206 
11 
184 
22 
236 
134 
1 
59 
47 
13 
133 
140 
16 
20 
148 
166 
13 
20 
182 
201 
154 
47 
67 
226 
16 
173 
138 
73 
213 
21 
190 
9 
9 
27 
156 
142 
54 
