173 
54 
141 
226 
131 
54 
0 
141 
7 
166 
48 
0 
68 
31 
13 
140 
129 
50 
155 
144 
47 
71 
12 
149 
73 
188 
183 
17 
145 
190 
184 
77 
86 
20 
150 
45 
17 
168 
152 
133 
9 
17 
71 
134 
232 
29 
50 
21 
8 
50 
25 
3 
56 
14 
147 
136 
175 
54 
10 
146 
36 
99 
164 
45 
164 
158 
167 
201 
39 
75 
133 
5 
158 
142 
139 
57 
46 
6 
136 
163 
13 
196 
180 
5 
9 
149 
21 
153 
102 
64 
75 
183 
173 
138 
201 
28 
38 
159 
30 
146 
51 
59 
46 
79 
13 
132 
154 
2 
27 
25 
31 
154 
150 
186 
24 
136 
10 
96 
153 
15 
149 
100 
11 
137 
1 
236 
48 
38 
58 
40 
139 
164 
38 
78 
6 
130 
48 
142 
38 
166 
13 
11 
50 
238 
183 
143 
177 
255 
1 
29 
218 
59 
14 
169 
143 
41 
196 
2 
48 
23 
143 
3 
182 
139 
91 
224 
145 
35 
133 
181 
132 
131 
13 
248 
13 
175 
134 
51 
138 
121 
10 
151 
17 
65 
210 
92 
215 
142 
46 
17 
190 
175 
158 
40 
78 
0 
248 
7 
33 
136 
8 
24 
143 
136 
177 
151 
45 
74 
33 
160 
136 
132 
7 
168 
28 
133 
189 
194 
169 
34 
44 
144 
17 
10 
4 
132 
175 
163 
156 
14 
169 
149 
133 
182 
206 
160 
5 
21 
12 
207 
40 
0 
32 
6 
122 
103 
5 
214 
3 
146 
32 
4 
144 
136 
134 
58 
173 
54 
141 
226 
131 
54 
0 
141 
7 
166 
48 
0 
68 
31 
13 
140 
129 
50 
155 
144 
47 
71 
12 
149 
73 
188 
183 
17 
145 
190 
184 
77 
86 
20 
150 
45 
17 
168 
152 
133 
9 
17 
71 
134 
232 
29 
50 
21 
8 
50 
25 
3 
56 
14 
147 
136 
175 
54 
10 
146 
36 
99 
164 
45 
164 
158 
167 
201 
39 
75 
133 
5 
158 
142 
139 
57 
46 
6 
136 
163 
13 
196 
180 
5 
9 
149 
21 
153 
102 
64 
75 
183 
173 
138 
201 
28 
38 
159 
30 
146 
51 
59 
46 
79 
13 
132 
154 
2 
27 
25 
31 
154 
150 
186 
24 
136 
10 
96 
153 
15 
149 
100 
11 
137 
1 
236 
48 
38 
58 
40 
139 
164 
38 
78 
6 
130 
48 
142 
38 
166 
13 
11 
50 
238 
183 
143 
177 
255 
1 
29 
218 
59 
14 
169 
143 
41 
196 
2 
48 
23 
143 
3 
182 
139 
91 
224 
145 
35 
133 
181 
132 
131 
13 
248 
13 
175 
134 
51 
138 
121 
10 
151 
17 
65 
210 
92 
215 
142 
46 
17 
190 
175 
158 
40 
78 
0 
248 
7 
33 
136 
8 
24 
143 
136 
177 
151 
45 
74 
33 
160 
136 
132 
7 
168 
28 
133 
189 
194 
169 
34 
44 
144 
17 
10 
4 
132 
175 
163 
156 
14 
169 
149 
133 
182 
206 
160 
5 
21 
12 
207 
40 
0 
32 
6 
122 
103 
5 
214 
3 
146 
32 
4 
144 
136 
134 
58 
