33 
20 
204 
23 
22 
122 
132 
231 
139 
229 
186 
143 
149 
165 
129 
170 
26 
38 
134 
201 
26 
37 
145 
51 
43 
37 
50 
13 
38 
74 
159 
9 
19 
155 
168 
150 
165 
161 
43 
10 
156 
154 
127 
143 
36 
11 
31 
13 
148 
138 
188 
35 
179 
3 
4 
78 
16 
173 
212 
13 
180 
88 
152 
135 
163 
22 
119 
129 
4 
138 
72 
38 
53 
139 
145 
131 
5 
56 
187 
1 
151 
160 
152 
4 
44 
170 
40 
54 
13 
49 
187 
112 
150 
69 
161 
228 
210 
201 
176 
169 
131 
160 
48 
8 
29 
28 
54 
133 
21 
184 
137 
206 
174 
20 
23 
2 
37 
90 
42 
112 
11 
38 
3 
54 
131 
193 
207 
172 
32 
187 
18 
22 
182 
59 
150 
66 
56 
200 
1 
193 
202 
182 
144 
76 
133 
2 
142 
150 
49 
0 
69 
4 
51 
49 
54 
147 
64 
162 
78 
245 
153 
201 
141 
146 
19 
188 
45 
17 
133 
157 
20 
173 
140 
173 
73 
215 
181 
19 
36 
42 
42 
128 
151 
47 
168 
243 
47 
224 
162 
200 
61 
76 
218 
161 
189 
77 
145 
55 
0 
148 
45 
33 
93 
47 
137 
47 
133 
47 
6 
174 
187 
185 
21 
167 
155 
135 
124 
39 
147 
76 
180 
183 
197 
5 
128 
147 
47 
131 
130 
139 
32 
63 
173 
8 
133 
199 
128 
127 
16 
24 
180 
32 
219 
32 
9 
42 
31 
141 
145 
132 
155 
166 
184 
170 
183 
24 
33 
20 
204 
23 
22 
122 
132 
231 
139 
229 
186 
143 
149 
165 
129 
170 
26 
38 
134 
201 
26 
37 
145 
51 
43 
37 
50 
13 
38 
74 
159 
9 
19 
155 
168 
150 
165 
161 
43 
10 
156 
154 
127 
143 
36 
11 
31 
13 
148 
138 
188 
35 
179 
3 
4 
78 
16 
173 
212 
13 
180 
88 
152 
135 
163 
22 
119 
129 
4 
138 
72 
38 
53 
139 
145 
131 
5 
56 
187 
1 
151 
160 
152 
4 
44 
170 
40 
54 
13 
49 
187 
112 
150 
69 
161 
228 
210 
201 
176 
169 
131 
160 
48 
8 
29 
28 
54 
133 
21 
184 
137 
206 
174 
20 
23 
2 
37 
90 
42 
112 
11 
38 
3 
54 
131 
193 
207 
172 
32 
187 
18 
22 
182 
59 
150 
66 
56 
200 
1 
193 
202 
182 
144 
76 
133 
2 
142 
150 
49 
0 
69 
4 
51 
49 
54 
147 
64 
162 
78 
245 
153 
201 
141 
146 
19 
188 
45 
17 
133 
157 
20 
173 
140 
173 
73 
215 
181 
19 
36 
42 
42 
128 
151 
47 
168 
243 
47 
224 
162 
200 
61 
76 
218 
161 
189 
77 
145 
55 
0 
148 
45 
33 
93 
47 
137 
47 
133 
47 
6 
174 
187 
185 
21 
167 
155 
135 
124 
39 
147 
76 
180 
183 
197 
5 
128 
147 
47 
131 
130 
139 
32 
63 
173 
8 
133 
199 
128 
127 
16 
24 
180 
32 
219 
32 
9 
42 
31 
141 
145 
132 
155 
166 
184 
170 
183 
24 
