12 
195 
36 
168 
77 
150 
33 
145 
6 
194 
4 
64 
34 
139 
234 
2 
175 
129 
88 
15 
153 
176 
14 
130 
147 
43 
12 
220 
133 
197 
171 
50 
149 
20 
35 
79 
242 
11 
117 
186 
155 
53 
26 
158 
3 
228 
106 
35 
32 
16 
135 
135 
193 
162 
6 
143 
14 
32 
151 
17 
61 
191 
15 
212 
143 
19 
173 
149 
166 
172 
75 
200 
181 
7 
132 
6 
132 
158 
19 
144 
1 
9 
167 
220 
228 
168 
177 
152 
31 
175 
189 
47 
86 
35 
128 
177 
93 
11 
136 
5 
148 
8 
86 
16 
130 
147 
156 
179 
18 
3 
11 
174 
148 
23 
147 
147 
139 
11 
161 
177 
100 
30 
86 
43 
86 
57 
2 
131 
139 
213 
237 
151 
197 
23 
53 
84 
182 
46 
156 
1 
14 
8 
46 
6 
154 
179 
187 
136 
199 
29 
53 
157 
38 
201 
92 
7 
145 
19 
5 
80 
8 
78 
59 
162 
54 
182 
69 
134 
16 
151 
38 
173 
138 
160 
141 
4 
164 
62 
94 
128 
44 
2 
42 
178 
142 
155 
8 
0 
189 
54 
8 
171 
171 
25 
129 
130 
62 
203 
167 
21 
15 
202 
157 
34 
167 
28 
46 
128 
128 
142 
130 
157 
163 
10 
7 
5 
213 
57 
131 
149 
190 
71 
29 
159 
182 
44 
180 
166 
128 
47 
161 
160 
130 
31 
9 
88 
42 
19 
145 
162 
147 
95 
20 
128 
246 
2 
154 
28 
3 
9 
16 
164 
136 
13 
152 
164 
12 
195 
36 
168 
77 
150 
33 
145 
6 
194 
4 
64 
34 
139 
234 
2 
175 
129 
88 
15 
153 
176 
14 
130 
147 
43 
12 
220 
133 
197 
171 
50 
149 
20 
35 
79 
242 
11 
117 
186 
155 
53 
26 
158 
3 
228 
106 
35 
32 
16 
135 
135 
193 
162 
6 
143 
14 
32 
151 
17 
61 
191 
15 
212 
143 
19 
173 
149 
166 
172 
75 
200 
181 
7 
132 
6 
132 
158 
19 
144 
1 
9 
167 
220 
228 
168 
177 
152 
31 
175 
189 
47 
86 
35 
128 
177 
93 
11 
136 
5 
148 
8 
86 
16 
130 
147 
156 
179 
18 
3 
11 
174 
148 
23 
147 
147 
139 
11 
161 
177 
100 
30 
86 
43 
86 
57 
2 
131 
139 
213 
237 
151 
197 
23 
53 
84 
182 
46 
156 
1 
14 
8 
46 
6 
154 
179 
187 
136 
199 
29 
53 
157 
38 
201 
92 
7 
145 
19 
5 
80 
8 
78 
59 
162 
54 
182 
69 
134 
16 
151 
38 
173 
138 
160 
141 
4 
164 
62 
94 
128 
44 
2 
42 
178 
142 
155 
8 
0 
189 
54 
8 
171 
171 
25 
129 
130 
62 
203 
167 
21 
15 
202 
157 
34 
167 
28 
46 
128 
128 
142 
130 
157 
163 
10 
7 
5 
213 
57 
131 
149 
190 
71 
29 
159 
182 
44 
180 
166 
128 
47 
161 
160 
130 
31 
9 
88 
42 
19 
145 
162 
147 
95 
20 
128 
246 
2 
154 
28 
3 
9 
16 
164 
136 
13 
152 
164 
