192 
5 
56 
79 
40 
246 
102 
145 
139 
31 
151 
142 
202 
46 
36 
247 
4 
27 
35 
149 
250 
44 
18 
10 
8 
35 
4 
174 
239 
191 
81 
241 
162 
63 
131 
14 
178 
183 
170 
62 
160 
2 
146 
15 
143 
141 
25 
246 
244 
164 
129 
29 
135 
140 
139 
163 
143 
12 
5 
17 
255 
128 
131 
147 
26 
145 
25 
4 
146 
37 
76 
7 
39 
35 
178 
6 
17 
141 
16 
131 
58 
49 
6 
3 
66 
153 
154 
25 
129 
240 
144 
6 
129 
164 
28 
167 
74 
168 
151 
128 
148 
18 
23 
45 
24 
47 
131 
7 
61 
150 
154 
25 
215 
28 
181 
157 
24 
49 
40 
52 
170 
172 
129 
57 
157 
29 
97 
56 
218 
77 
103 
26 
34 
27 
14 
191 
154 
15 
253 
135 
25 
185 
9 
170 
13 
27 
128 
75 
35 
9 
67 
22 
28 
31 
204 
89 
45 
29 
141 
34 
223 
4 
232 
6 
50 
186 
28 
212 
5 
134 
160 
176 
12 
48 
42 
43 
113 
8 
61 
203 
4 
33 
5 
15 
171 
144 
145 
46 
59 
32 
143 
226 
12 
91 
66 
53 
191 
93 
135 
108 
3 
173 
133 
109 
239 
66 
162 
6 
19 
164 
129 
129 
158 
63 
165 
142 
150 
22 
143 
188 
83 
205 
59 
105 
152 
156 
13 
84 
217 
25 
61 
198 
27 
49 
2 
207 
24 
44 
138 
144 
98 
9 
131 
11 
201 
6 
20 
49 
127 
21 
28 
190 
40 
183 
16 
235 
192 
5 
56 
79 
40 
246 
102 
145 
139 
31 
151 
142 
202 
46 
36 
247 
4 
27 
35 
149 
250 
44 
18 
10 
8 
35 
4 
174 
239 
191 
81 
241 
162 
63 
131 
14 
178 
183 
170 
62 
160 
2 
146 
15 
143 
141 
25 
246 
244 
164 
129 
29 
135 
140 
139 
163 
143 
12 
5 
17 
255 
128 
131 
147 
26 
145 
25 
4 
146 
37 
76 
7 
39 
35 
178 
6 
17 
141 
16 
131 
58 
49 
6 
3 
66 
153 
154 
25 
129 
240 
144 
6 
129 
164 
28 
167 
74 
168 
151 
128 
148 
18 
23 
45 
24 
47 
131 
7 
61 
150 
154 
25 
215 
28 
181 
157 
24 
49 
40 
52 
170 
172 
129 
57 
157 
29 
97 
56 
218 
77 
103 
26 
34 
27 
14 
191 
154 
15 
253 
135 
25 
185 
9 
170 
13 
27 
128 
75 
35 
9 
67 
22 
28 
31 
204 
89 
45 
29 
141 
34 
223 
4 
232 
6 
50 
186 
28 
212 
5 
134 
160 
176 
12 
48 
42 
43 
113 
8 
61 
203 
4 
33 
5 
15 
171 
144 
145 
46 
59 
32 
143 
226 
12 
91 
66 
53 
191 
93 
135 
108 
3 
173 
133 
109 
239 
66 
162 
6 
19 
164 
129 
129 
158 
63 
165 
142 
150 
22 
143 
188 
83 
205 
59 
105 
152 
156 
13 
84 
217 
25 
61 
198 
27 
49 
2 
207 
24 
44 
138 
144 
98 
9 
131 
11 
201 
6 
20 
49 
127 
21 
28 
190 
40 
183 
16 
235 
