1 
147 
135 
197 
99 
70 
92 
216 
145 
194 
45 
215 
170 
4 
95 
30 
24 
39 
165 
168 
181 
162 
1 
154 
8 
170 
18 
118 
132 
161 
159 
52 
18 
83 
32 
159 
70 
168 
51 
25 
43 
159 
159 
36 
129 
159 
82 
19 
63 
168 
141 
51 
165 
161 
139 
150 
26 
40 
228 
15 
51 
131 
41 
176 
215 
148 
148 
150 
116 
17 
133 
14 
33 
12 
176 
143 
42 
192 
6 
144 
27 
170 
146 
249 
57 
141 
181 
165 
201 
133 
224 
66 
205 
158 
236 
8 
152 
128 
166 
15 
147 
169 
17 
19 
10 
8 
145 
19 
166 
16 
24 
21 
205 
130 
115 
27 
8 
53 
17 
8 
50 
159 
17 
150 
148 
41 
214 
198 
10 
95 
148 
254 
150 
221 
20 
132 
69 
7 
15 
150 
18 
129 
162 
158 
250 
168 
59 
10 
189 
186 
39 
15 
76 
204 
114 
156 
130 
50 
52 
98 
236 
26 
38 
29 
44 
158 
62 
12 
155 
22 
130 
32 
37 
155 
179 
129 
37 
139 
151 
145 
179 
173 
158 
23 
222 
95 
5 
172 
187 
188 
5 
45 
224 
172 
200 
161 
150 
12 
227 
204 
1 
145 
140 
29 
218 
168 
162 
161 
180 
48 
37 
166 
138 
167 
176 
0 
9 
22 
63 
238 
62 
5 
179 
80 
35 
177 
251 
78 
3 
95 
197 
161 
158 
16 
191 
0 
43 
23 
16 
153 
174 
10 
198 
51 
44 
141 
202 
59 
27 
7 
9 
176 
53 
103 
34 
190 
1 
147 
135 
197 
99 
70 
92 
216 
145 
194 
45 
215 
170 
4 
95 
30 
24 
39 
165 
168 
181 
162 
1 
154 
8 
170 
18 
118 
132 
161 
159 
52 
18 
83 
32 
159 
70 
168 
51 
25 
43 
159 
159 
36 
129 
159 
82 
19 
63 
168 
141 
51 
165 
161 
139 
150 
26 
40 
228 
15 
51 
131 
41 
176 
215 
148 
148 
150 
116 
17 
133 
14 
33 
12 
176 
143 
42 
192 
6 
144 
27 
170 
146 
249 
57 
141 
181 
165 
201 
133 
224 
66 
205 
158 
236 
8 
152 
128 
166 
15 
147 
169 
17 
19 
10 
8 
145 
19 
166 
16 
24 
21 
205 
130 
115 
27 
8 
53 
17 
8 
50 
159 
17 
150 
148 
41 
214 
198 
10 
95 
148 
254 
150 
221 
20 
132 
69 
7 
15 
150 
18 
129 
162 
158 
250 
168 
59 
10 
189 
186 
39 
15 
76 
204 
114 
156 
130 
50 
52 
98 
236 
26 
38 
29 
44 
158 
62 
12 
155 
22 
130 
32 
37 
155 
179 
129 
37 
139 
151 
145 
179 
173 
158 
23 
222 
95 
5 
172 
187 
188 
5 
45 
224 
172 
200 
161 
150 
12 
227 
204 
1 
145 
140 
29 
218 
168 
162 
161 
180 
48 
37 
166 
138 
167 
176 
0 
9 
22 
63 
238 
62 
5 
179 
80 
35 
177 
251 
78 
3 
95 
197 
161 
158 
16 
191 
0 
43 
23 
16 
153 
174 
10 
198 
51 
44 
141 
202 
59 
27 
7 
9 
176 
53 
103 
34 
190 
