18 
53 
207 
145 
59 
101 
148 
71 
16 
134 
28 
135 
0 
77 
157 
20 
145 
128 
190 
179 
15 
54 
90 
185 
45 
224 
6 
15 
115 
141 
253 
164 
14 
0 
143 
21 
204 
157 
138 
134 
5 
149 
62 
26 
155 
16 
199 
18 
45 
150 
42 
7 
1 
34 
162 
28 
144 
24 
75 
179 
148 
211 
150 
17 
37 
26 
34 
149 
20 
144 
16 
137 
18 
22 
162 
20 
37 
156 
62 
170 
143 
145 
52 
82 
16 
2 
166 
26 
0 
31 
208 
10 
9 
33 
47 
17 
32 
1 
148 
147 
146 
19 
160 
26 
183 
255 
147 
9 
88 
189 
131 
128 
62 
133 
43 
130 
41 
129 
170 
213 
94 
223 
92 
34 
41 
61 
132 
81 
200 
2 
200 
64 
40 
170 
86 
162 
145 
186 
185 
203 
216 
175 
250 
2 
59 
189 
160 
172 
207 
133 
6 
60 
33 
121 
13 
152 
42 
143 
77 
196 
120 
100 
99 
14 
33 
155 
102 
131 
26 
152 
198 
133 
31 
161 
149 
43 
59 
21 
48 
137 
157 
172 
70 
130 
243 
235 
60 
162 
39 
229 
34 
162 
220 
245 
164 
178 
33 
142 
186 
206 
59 
178 
30 
123 
138 
58 
67 
209 
2 
19 
21 
22 
157 
30 
43 
157 
183 
149 
47 
123 
147 
147 
65 
13 
160 
199 
161 
172 
31 
42 
95 
135 
138 
147 
42 
148 
167 
153 
70 
139 
137 
165 
154 
23 
200 
98 
51 
17 
38 
131 
225 
44 
9 
167 
51 
10 
18 
53 
207 
145 
59 
101 
148 
71 
16 
134 
28 
135 
0 
77 
157 
20 
145 
128 
190 
179 
15 
54 
90 
185 
45 
224 
6 
15 
115 
141 
253 
164 
14 
0 
143 
21 
204 
157 
138 
134 
5 
149 
62 
26 
155 
16 
199 
18 
45 
150 
42 
7 
1 
34 
162 
28 
144 
24 
75 
179 
148 
211 
150 
17 
37 
26 
34 
149 
20 
144 
16 
137 
18 
22 
162 
20 
37 
156 
62 
170 
143 
145 
52 
82 
16 
2 
166 
26 
0 
31 
208 
10 
9 
33 
47 
17 
32 
1 
148 
147 
146 
19 
160 
26 
183 
255 
147 
9 
88 
189 
131 
128 
62 
133 
43 
130 
41 
129 
170 
213 
94 
223 
92 
34 
41 
61 
132 
81 
200 
2 
200 
64 
40 
170 
86 
162 
145 
186 
185 
203 
216 
175 
250 
2 
59 
189 
160 
172 
207 
133 
6 
60 
33 
121 
13 
152 
42 
143 
77 
196 
120 
100 
99 
14 
33 
155 
102 
131 
26 
152 
198 
133 
31 
161 
149 
43 
59 
21 
48 
137 
157 
172 
70 
130 
243 
235 
60 
162 
39 
229 
34 
162 
220 
245 
164 
178 
33 
142 
186 
206 
59 
178 
30 
123 
138 
58 
67 
209 
2 
19 
21 
22 
157 
30 
43 
157 
183 
149 
47 
123 
147 
147 
65 
13 
160 
199 
161 
172 
31 
42 
95 
135 
138 
147 
42 
148 
167 
153 
70 
139 
137 
165 
154 
23 
200 
98 
51 
17 
38 
131 
225 
44 
9 
167 
51 
10 
