142 
 65 
 65 
153 
157 
124 
148 
183 
135 
190 
 41 
154 
162 
 98 
 56 
 53 
211 
125 
196 
189 
107 
104 
151 
 87 
 58 
157 
 70 
 73 
192 
158 
157 
100 
 60 
144 
183 
115 
172 
 85 
187 
165 
112 
107 
105 
 85 
157 
 85 
 44 
139 
109 
151 
 44 
184 
109 
 49 
 49 
160 
124 
159 
 48 
 98 
 69 
145 
182 
 83 
176 
162 
 78 
117 
105 
180 
 91 
174 
106 
154 
 25 
182 
112 
146 
232 
174 
 12 
156 
 94 
128 
163 
172 
 31 
195 
182 
137 
 74 
181 
125 
177 
109 
 38 
112 
144 
173 
 51 
 65 
157 
135 
114 
144 
193 
113 
 73 
 74 
 93 
130 
 50 
174 
 81 
 42 
186 
103 
183 
240 
205 
 80 
104 
107 
130 
 65 
 90 
182 
140 
117 
224 
 96 
184 
184 
 81 
120 
 50 
 83 
127 
112 
164 
158 
166 
 70 
138 
188 
179 
103 
 85 
213 
121 
217 
179 
139 
129 
157 
119 
141 
148 
130 
 50 
 23 
183 
158 
 76 
194 
 95 
158 
 30 
209 
 21 
  8 
154 
 49 
122 
195 
210 
 93 
209 
 58 
 94 
155 
154 
 92 
194 
 96 
178 
 57 
107 
 99 
186 
184 
 76 
207 
 72 
152 
203 
206 
 69 
186 
 65 
107 
150 
164 
208 
128 
105 
214 
174 
 75 
162 
 67 
 34 
 99 
155 
 85 
173 
134 
128 
 96 
 58 
 81 
 88 
 78 
153 
183 
104 
101 
126 
136 
218 
 98 
106 
 75 
 86 
 81 
150 
166 
195 
 89 
135 
 97 
180 
155 
123 
103 
207 
 84 
135 
 95 
 44 
138 
149 
147 
152 
114 
194 
103 
 91 
195 
 88 
 75 
 60 
 92 
113 
165 
135 
 64 
203 
193 
137 
206 
133 
177 
139 
116 
121 
 97 
 85 
190 
 42 
125 
155 
206 
129 
 92 
 56 
 80 
115 
104 
133 
125 
 82 
150 
 48 
181 
111 
138 
 88 
231 
 81 
170 
 85 
197 
 39 
139 
210 
 77 
203 
169 
221 
116 
214 
 50 
142 
186 
225 
 65 
 22 
232 
205 
143 
 64 
 64 
153 
157 
124 
149 
183 
135 
191 
 40 
154 
162 
 97 
 55 
 52 
212 
125 
197 
190 
106 
103 
151 
 87 
 57 
158 
 69 
 72 
192 
158 
158 
100 
 60 
143 
183 
115 
172 
 86 
186 
165 
113 
107 
105 
 86 
157 
 85 
 45 
139 
109 
151 
 44 
184 
110 
 50 
 50 
160 
124 
159 
 49 
 99 
 69 
145 
181 
 84 
176 
162 
 78 
117 
105 
180 
 91 
174 
106 
154 
 25 
182 
112 
146 
232 
174 
 12 
156 
 94 
128 
162 
172 
 31 
195 
182 
137 
 74 
180 
125 
177 
109 
 38 
113 
143 
171 
 53 
 66 
156 
135 
114 
144 
191 
113 
 75 
 75 
 94 
130 
 51 
173 
 83 
 44 
184 
103 
181 
238 
203 
 81 
105 
108 
130 
 66 
 91 
181 
140 
116 
224 
 96 
184 
185 
 81 
120 
 49 
 82 
127 
112 
165 
159 
167 
 70 
138 
189 
179 
103 
 84 
214 
121 
218 
180 
139 
129 
157 
119 
141 
148 
130 
 49 
 24 
182 
158 
 78 
192 
 96 
157 
 32 
208 
 23 
  9 
154 
 51 
122 
194 
208 
 94 
208 
 60 
 94 
154 
153 
 93 
193 
 96 
176 
 59 
107 
100 
185 
183 
 77 
205 
 74 
151 
201 
205 
 71 
185 
 66 
107 
150 
163 
206 
128 
106 
212 
173 
 77 
161 
 69 
 35 
100 
154 
 86 
172 
134 
128 
 97 
 60 
 83 
 90 
 79 
153 
180 
105 
103 
126 
136 
214 
100 
107 
 78 
 88 
 84 
148 
163 
191 
 92 
135 
 99 
177 
153 
123 
104 
204 
 86 
135 
 97 
 48 
138 
148 
146 
150 
115 
190 
103 
 92 
193 
 89 
 76 
 62 
 93 
114 
164 
135 
 65 
201 
192 
136 
205 
132 
176 
139 
116 
122 
 98 
 86 
188 
 44 
125 
154 
204 
129 
 93 
 58 
 81 
115 
104 
132 
125 
 82 
150 
 48 
181 
111 
138 
 88 
231 
 81 
170 
 85 
197 
 39 
139 
210 
 76 
203 
169 
221 
116 
215 
 50 
142 
187 
225 
 65 
 22 
232 
205 
142 
 65 
 65 
153 
157 
124 
148 
183 
135 
190 
 41 
154 
162 
 97 
 56 
 53 
211 
125 
197 
189 
107 
103 
151 
 87 
 58 
157 
 70 
 73 
192 
158 
157 
100 
 59 
144 
183 
115 
173 
 85 
187 
166 
112 
107 
105 
 85 
157 
 85 
 44 
139 
109 
151 
 43 
185 
109 
 49 
 49 
160 
124 
159 
 48 
 98 
 69 
145 
182 
 83 
176 
162 
 78 
117 
105 
180 
 91 
174 
106 
154 
 25 
182 
112 
146 
232 
174 
 12 
156 
 94 
128 
162 
172 
 31 
195 
182 
137 
 74 
181 
125 
177 
109 
 38 
113 
143 
172 
 53 
 66 
157 
135 
114 
144 
192 
113 
 74 
 75 
 94 
130 
 51 
173 
 82 
 44 
185 
103 
182 
238 
204 
 81 
104 
108 
130 
 66 
 91 
181 
140 
116 
224 
 96 
184 
184 
 81 
120 
 49 
 82 
127 
112 
165 
158 
167 
 70 
138 
189 
179 
103 
 84 
214 
121 
218 
180 
139 
129 
157 
119 
141 
148 
130 
 50 
 25 
182 
158 
 78 
191 
 96 
157 
 33 
207 
 23 
  9 
153 
 52 
122 
193 
208 
 94 
207 
 60 
 94 
154 
153 
 94 
192 
 97 
176 
 59 
107 
100 
184 
183 
 77 
206 
 73 
151 
202 
205 
 71 
185 
 66 
107 
150 
163 
206 
128 
106 
212 
173 
 77 
161 
 69 
 35 
 99 
154 
 86 
172 
134 
128 
 97 
 59 
 83 
 89 
 79 
153 
181 
105 
103 
126 
136 
214 
 99 
107 
 77 
 88 
 83 
148 
163 
192 
 92 
134 
 98 
178 
154 
123 
104 
204 
 86 
135 
 97 
 48 
138 
148 
146 
151 
115 
190 
103 
 92 
194 
 88 
 75 
 61 
 93 
113 
164 
135 
 65 
202 
192 
136 
205 
132 
176 
139 
116 
121 
 98 
 85 
189 
 43 
125 
155 
204 
129 
 93 
 58 
 81 
115 
104 
132 
125 
 82 
150 
 48 
181 
111 
138 
 88 
231 
 81 
170 
 85 
197 
 39 
139 
210 
 77 
203 
169 
221 
116 
214 
 50 
142 
187 
225 
 65 
 22 
231 
205 
142 
 65 
 65 
153 
157 
123 
149 
183 
134 
190 
 40 
154 
162 
 97 
 56 
 53 
211 
125 
197 
189 
106 
103 
150 
 87 
 58 
157 
 70 
 72 
192 
158 
157 
 99 
 57 
145 
186 
114 
175 
 83 
190 
167 
112 
106 
103 
 83 
159 
 83 
 41 
139 
109 
152 
 40 
187 
109 
 46 
 46 
162 
123 
160 
 45 
 97 
 66 
146 
184 
 81 
177 
163 
 77 
117 
105 
181 
 89 
176 
105 
154 
 23 
184 
111 
146 
234 
176 
 10 
157 
 93 
128 
163 
173 
 29 
197 
184 
137 
 74 
181 
125 
179 
109 
 36 
112 
143 
172 
 52 
 66 
156 
135 
114 
144 
192 
112 
 74 
 75 
 94 
130 
 50 
173 
 82 
 44 
185 
104 
182 
238 
204 
 81 
105 
107 
130 
 66 
 90 
182 
140 
117 
226 
 96 
186 
186 
 79 
119 
 47 
 81 
128 
111 
166 
159 
168 
 68 
138 
190 
180 
102 
 83 
216 
121 
220 
181 
140 
129 
158 
119 
141 
149 
130 
 47 
 24 
183 
158 
 78 
192 
 95 
158 
 32 
208 
 22 
  9 
154 
 50 
122 
194 
209 
 94 
208 
 60 
 94 
154 
154 
 93 
193 
 96 
177 
 58 
107 
100 
185 
183 
 77 
206 
 73 
151 
202 
205 
 70 
185 
 66 
107 
150 
164 
206 
128 
106 
212 
173 
 77 
161 
 69 
 35 
 99 
155 
 86 
172 
134 
128 
 97 
 59 
 82 
 89 
 79 
153 
182 
105 
102 
126 
136 
216 
 99 
106 
 75 
 87 
 82 
149 
165 
193 
 90 
135 
 97 
180 
154 
122 
104 
206 
 84 
135 
 96 
 45 
138 
149 
146 
151 
114 
192 
104 
 91 
193 
 88 
 75 
 62 
 93 
114 
165 
135 
 65 
201 
192 
136 
206 
133 
176 
139 
116 
121 
 97 
 86 
189 
 44 
125 
154 
205 
129 
 93 
 58 
 81 
115 
103 
133 
125 
 81 
150 
 47 
183 
110 
138 
 87 
232 
 79 
172 
 83 
199 
 37 
140 
212 
 75 
206 
169 
223 
115 
216 
 47 
142 
188 
227 
 62 
 20 
234 
208 
142 
 66 
 66 
153 
158 
123 
148 
181 
135 
189 
 42 
153 
162 
 97 
 57 
 54 
210 
125 
194 
187 
107 
104 
151 
 89 
 59 
158 
 70 
 74 
191 
158 
158 
100 
 47 
149 
194 
112 
182 
 76 
199 
174 
109 
104 
101 
 76 
163 
 76 
 31 
143 
104 
157 
 31 
194 
106 
 36 
 36 
169 
121 
166 
 36 
 92 
 58 
149 
192 
 73 
177 
162 
 78 
116 
104 
181 
 91 
175 
107 
155 
 25 
183 
111 
146 
233 
175 
 12 
155 
 93 
128 
162 
173 
 30 
194 
183 
137 
 74 
181 
125 
177 
109 
 38 
111 
144 
173 
 50 
 64 
158 
135 
113 
144 
194 
113 
 72 
 74 
 93 
130 
 49 
175 
 80 
 41 
187 
102 
183 
241 
206 
 80 
104 
107 
130 
 64 
 89 
183 
139 
116 
225 
 95 
185 
185 
 80 
120 
 49 
 82 
128 
111 
164 
160 
166 
 70 
139 
189 
179 
102 
 84 
214 
120 
218 
179 
139 
130 
158 
118 
142 
148 
130 
 49 
 22 
185 
160 
 76 
194 
 95 
158 
 29 
210 
 20 
  8 
155 
 49 
123 
196 
211 
 93 
211 
 57 
 93 
155 
155 
 91 
194 
 95 
179 
 55 
107 
 97 
187 
185 
 74 
208 
 72 
153 
203 
206 
 68 
187 
 64 
107 
151 
164 
208 
128 
104 
214 
175 
 74 
162 
 66 
 33 
 97 
155 
 84 
173 
135 
128 
 95 
 57 
 80 
 89 
 78 
153 
185 
104 
102 
125 
137 
218 
 97 
104 
 74 
 84 
 80 
151 
166 
196 
 89 
135 
 97 
181 
155 
123 
102 
208 
 82 
135 
 95 
 44 
139 
148 
148 
153 
113 
194 
102 
 91 
196 
 87 
 74 
 59 
 91 
113 
166 
135 
 62 
203 
194 
137 
208 
132 
177 
139 
116 
120 
 97 
 84 
191 
 41 
125 
155 
206 
130 
 91 
 55 
 78 
113 
104 
132 
125 
 82 
151 
 49 
181 
111 
137 
 89 
231 
 80 
171 
 84 
198 
 38 
139 
210 
 76 
203 
168 
221 
116 
215 
 50 
142 
187 
226 
 64 
 22 
232 
206 
128 
128 
128 
128 
128 
128 
128 
128 
128 
128 
128 
128 
128 
128 
128 
128 
128 
128 
128 
128 
128 
128 
128 
128 
128 
128 
128 
128 
128 
128 
128 
128 
128 
128 
128 
128 
128 
128 
128 
128 
128 
128 
128 
128 
128 
128 
128 
128 
128 
128 
128 
128 
128 
128 
128 
128 
128 
128 
128 
128 
128 
128 
128 
128 
128 
128 
128 
128 
128 
128 
128 
128 
128 
128 
128 
128 
128 
128 
128 
128 
128 
128 
128 
128 
128 
128 
128 
128 
128 
128 
128 
128 
128 
128 
128 
128 
128 
128 
128 
128 
128 
128 
128 
128 
128 
128 
128 
128 
128 
128 
128 
128 
128 
128 
128 
128 
128 
128 
128 
128 
128 
128 
128 
128 
128 
128 
128 
128 
128 
128 
128 
128 
128 
128 
128 
128 
128 
128 
128 
128 
128 
128 
128 
128 
128 
128 
128 
128 
128 
128 
128 
128 
128 
128 
128 
128 
128 
128 
128 
128 
128 
128 
128 
128 
128 
128 
128 
128 
128 
128 
128 
128 
128 
128 
128 
128 
128 
128 
128 
128 
128 
128 
128 
128 
128 
128 
128 
128 
128 
128 
128 
128 
128 
128 
128 
128 
128 
128 
128 
128 
128 
128 
128 
128 
128 
128 
128 
128 
128 
128 
128 
128 
128 
128 
128 
128 
128 
128 
128 
128 
128 
128 
128 
128 
128 
128 
128 
128 
128 
128 
128 
128 
128 
128 
128 
128 
128 
128 
128 
128 
128 
128 
128 
128 
128 
128 
128 
128 
128 
128 
128 
128 
128 
128 
128 
128 
128 
128 
128 
128 
128 
128 
128 
128 
128 
128 
128 
128 
128 
128 
128 
128 
128 
128 
128 
128 
128 
128 
128 
128 
128 
128 
128 
128 
128 
128 
128 
128 
128 
128 
128 
128 
128 
128 
128 
128 
128 
128 
128 
128 
128 
128 
128 
128 
128 
128 
128 
128 
128 
128 
128 
128 
128 
128 
128 
128 
128 
128 
128 
128 
128 
128 
128 
128 
128 
128 
128 
128 
128 
128 
128 
128 
128 
128 
128 
128 
128 
128 
128 
128 
128 
128 
128 
128 
128 
128 
128 
128 
128 
128 
128 
128 
128 
128 
128 
128 
128 
128 
128 
128 
128 
128 
128 
128 
128 
128 
128 
128 
128 
128 
128 
128 
128 
128 
128 
128 
128 
128 
128 
128 
128 
128 
128 
128 
128 
128 
128 
128 
128 
128 
128 
128 
128 
128 
128 
128 
128 
128 
128 
128 
128 
128 
128 
128 
128 
128 
128 
128 
128 
128 
128 
128 
128 
128 
128 
128 
128 
128 
128 
128 
128 
128 
128 
128 
128 
128 
128 
128 
128 
128 
128 
128 
128 
128 
128 
128 
128 
128 
128 
128 
128 
128 
128 
128 
128 
128 
128 
128 
128 
128 
128 
128 
128 
128 
128 
128 
128 
128 
128 
128 
128 
128 
128 
128 
128 
128 
128 
128 
128 
128 
128 
128 
128 
128 
128 
128 
128 
128 
128 
128 
128 
128 
128 
128 
128 
128 
128 
128 
128 
128 
128 
128 
128 
128 
128 
128 
128 
128 
128 
128 
128 
128 
128 
128 
128 
128 
128 
128 
128 
128 
128 
128 
128 
128 
128 
128 
128 
128 
128 
128 
128 
128 
128 
128 
128 
128 
128 
128 
128 
128 
128 
128 
128 
128 
128 
128 
128 
128 
128 
128 
128 
128 
128 
128 
128 
128 
128 
128 
128 
128 
128 
128 
128 
128 
128 
128 
128 
128 
128 
128 
128 
128 
128 
128 
128 
128 
128 
128 
128 
128 
128 
128 
128 
128 
128 
128 
128 
128 
128 
128 
128 
128 
128 
128 
128 
128 
128 
128 
128 
128 
128 
128 
128 
128 
128 
128 
128 
128 
128 
128 
128 
128 
128 
128 
128 
128 
128 
128 
128 
128 
128 
128 
128 
128 
128 
128 
128 
128 
128 
128 
128 
128 
128 
128 
128 
128 
128 
128 
128 
128 
128 
128 
128 
128 
128 
128 
128 
128 
128 
128 
128 
128 
128 
128 
128 
128 
128 
128 
128 
128 
128 
128 
128 
128 
128 
128 
128 
128 
128 
128 
128 
128 
128 
128 
128 
128 
128 
128 
128 
128 
128 
128 
128 
128 
128 
128 
128 
128 
128 
128 
128 
128 
128 
128 
128 
128 
128 
128 
128 
128 
128 
128 
128 
128 
128 
128 
128 
128 
128 
128 
128 
128 
128 
128 
128 
128 
128 
128 
128 
128 
128 
128 
128 
128 
128 
128 
128 
128 
128 
128 
128 
128 
128 
128 
128 
128 
128 
128 
128 
128 
128 
128 
128 
128 
128 
128 
128 
128 
128 
128 
128 
128 
128 
128 
128 
128 
128 
128 
128 
128 
128 
128 
128 
128 
128 
128 
128 
128 
128 
128 
128 
128 
128 
128 
128 
128 
128 
128 
128 
128 
128 
128 
128 
128 
128 
128 
128 
128 
128 
128 
128 
128 
128 
128 
128 
128 
128 
128 
128 
128 
128 
128 
128 
128 
128 
128 
128 
128 
128 
128 
128 
128 
128 
128 
128 
128 
128 
128 
128 
128 
128 
128 
128 
128 
128 
128 
128 
128 
128 
128 
128 
128 
128 
128 
128 
128 
128 
128 
128 
128 
128 
128 
128 
128 
128 
128 
128 
128 
128 
128 
128 
128 
128 
128 
128 
128 
128 
128 
128 
128 
128 
128 
128 
128 
128 
128 
128 
128 
128 
128 
128 
128 
128 
128 
128 
128 
128 
128 
128 
128 
128 
128 
128 
128 
128 
128 
128 
128 
128 
128 
128 
128 
128 
128 
128 
128 
128 
128 
128 
128 
128 
128 
128 
128 
128 
128 
128 
128 
128 
128 
128 
128 
128 
128 
128 
128 
128 
128 
128 
128 
128 
128 
128 
128 
128 
128 
128 
128 
128 
128 
128 
128 
128 
128 
128 
128 
128 
128 
128 
128 
128 
128 
128 
128 
128 
128 
128 
128 
128 
128 
128 
128 
128 
128 
128 
128 
128 
128 
128 
128 
128 
128 
128 
128 
128 
128 
128 
128 
128 
128 
128 
128 
128 
128 
128 
128 
128 
128 
128 
128 
128 
128 
128 
128 
128 
128 
128 
128 
128 
128 
128 
128 
128 
128 
128 
128 
128 
128 
128 
128 
128 
128 
128 
128 
128 
128 
128 
128 
128 
128 
128 
128 
128 
128 
128 
128 
128 
128 
128 
128 
128 
128 
128 
128 
128 
128 
128 
