194 
181 
 38 
118 
170 
100 
 43 
114 
207 
 79 
113 
134 
 93 
144 
192 
109 
115 
134 
 25 
153 
 68 
140 
127 
130 
111 
113 
136 
 87 
101 
 38 
143 
166 
205 
 70 
158 
 64 
 99 
153 
164 
 12 
 53 
124 
 75 
136 
215 
 41 
 26 
125 
212 
116 
 54 
158 
106 
108 
109 
211 
 93 
142 
237 
136 
211 
 92 
 42 
 68 
131 
176 
165 
129 
104 
138 
161 
171 
106 
 69 
118 
116 
145 
 82 
173 
108 
 69 
 86 
171 
 91 
183 
117 
 37 
169 
167 
118 
137 
 55 
 60 
 62 
 95 
134 
162 
189 
125 
 89 
171 
 36 
113 
102 
137 
 63 
 43 
160 
 74 
 95 
184 
107 
151 
125 
177 
 98 
172 
 84 
205 
158 
157 
 40 
122 
128 
225 
217 
 97 
 35 
219 
 85 
111 
 92 
200 
 59 
198 
228 
 97 
157 
 56 
 56 
 89 
178 
 65 
174 
102 
154 
 79 
175 
113 
159 
 50 
109 
115 
203 
156 
 30 
123 
137 
155 
127 
150 
 75 
152 
168 
181 
174 
163 
103 
 25 
 82 
138 
139 
 75 
250 
 97 
136 
 84 
 80 
 77 
 60 
144 
107 
160 
 99 
110 
138 
126 
 71 
203 
177 
 77 
 41 
127 
147 
119 
150 
150 
190 
164 
171 
125 
107 
125 
198 
201 
208 
196 
109 
236 
161 
 57 
159 
100 
 32 
 56 
147 
132 
123 
176 
137 
 71 
141 
203 
119 
164 
 56 
 78 
 59 
 96 
132 
 98 
 48 
 61 
140 
 77 
 80 
130 
200 
176 
115 
 67 
150 
119 
111 
 75 
180 
221 
126 
 82 
 92 
 73 
180 
 23 
 25 
178 
 68 
174 
143 
119 
157 
 48 
147 
 97 
115 
107 
172 
141 
 95 
 85 
174 
122 
 89 
 98 
184 
166 
111 
103 
175 
129 
125 
 97 
127 
174 
213 
130 
 48 
125 
161 
 69 
124 
104 
140 
132 
139 
 89 
210 
 94 
 41 
126 
146 
114 
166 
131 
223 
 59 
191 
136 
 45 
 80 
 76 
132 
 89 
169 
172 
 77 
224 
 97 
 36 
 56 
123 
195 
182 
 37 
118 
170 
 99 
 42 
114 
208 
 78 
113 
134 
 92 
145 
192 
109 
115 
134 
 24 
153 
 67 
140 
127 
130 
110 
113 
136 
 86 
101 
 37 
143 
167 
204 
 71 
157 
 65 
 99 
153 
163 
 12 
 53 
124 
 76 
136 
214 
 42 
 26 
125 
211 
116 
 55 
157 
106 
108 
109 
210 
 93 
142 
237 
136 
210 
 93 
 43 
 68 
131 
176 
165 
129 
104 
138 
161 
171 
106 
 70 
118 
116 
145 
 82 
173 
108 
 69 
 86 
171 
 91 
183 
116 
 37 
169 
167 
118 
137 
 55 
 60 
 62 
 95 
134 
161 
188 
125 
 90 
170 
 37 
114 
102 
137 
 64 
 45 
159 
 75 
 96 
183 
108 
151 
125 
175 
 99 
171 
 85 
203 
157 
156 
 42 
123 
128 
223 
215 
 98 
 37 
219 
 84 
111 
 92 
200 
 58 
198 
228 
 97 
158 
 56 
 55 
 89 
179 
 64 
175 
101 
154 
 78 
176 
113 
160 
 49 
109 
115 
204 
156 
 30 
123 
137 
155 
127 
150 
 77 
151 
167 
180 
173 
162 
104 
 27 
 84 
137 
139 
 76 
249 
 98 
136 
 86 
 81 
 78 
 62 
143 
108 
159 
100 
111 
138 
126 
 73 
202 
176 
 79 
 42 
127 
146 
119 
149 
150 
188 
163 
170 
125 
108 
125 
196 
199 
206 
195 
109 
234 
160 
 59 
158 
101 
 34 
 58 
146 
132 
123 
175 
137 
 73 
141 
201 
119 
162 
 60 
 81 
 63 
 98 
131 
100 
 52 
 65 
139 
 80 
 83 
130 
197 
173 
116 
 70 
149 
119 
112 
 78 
177 
217 
126 
 85 
 94 
 76 
177 
 27 
 29 
175 
 71 
173 
142 
119 
157 
 50 
146 
 98 
116 
107 
171 
141 
 96 
 86 
173 
122 
 90 
 99 
183 
165 
112 
103 
174 
129 
125 
 97 
127 
173 
211 
130 
 50 
125 
160 
 69 
124 
104 
140 
132 
139 
 89 
210 
 93 
 41 
126 
146 
114 
167 
131 
223 
 59 
192 
136 
 45 
 79 
 76 
132 
 89 
169 
172 
 77 
224 
 96 
 36 
 55 
123 
194 
181 
 38 
118 
170 
 99 
 43 
114 
207 
 78 
113 
134 
 92 
144 
192 
109 
115 
134 
 25 
153 
 68 
140 
128 
130 
111 
113 
136 
 87 
101 
 37 
143 
167 
205 
 70 
158 
 64 
 99 
153 
163 
 12 
 53 
124 
 75 
136 
215 
 41 
 25 
125 
212 
116 
 54 
158 
106 
108 
109 
211 
 93 
142 
237 
136 
211 
 92 
 42 
 68 
131 
176 
166 
129 
104 
137 
161 
171 
106 
 70 
118 
116 
145 
 82 
173 
108 
 69 
 86 
171 
 91 
183 
117 
 37 
169 
168 
118 
137 
 55 
 60 
 62 
 95 
134 
162 
188 
125 
 90 
170 
 37 
114 
102 
137 
 64 
 44 
160 
 75 
 96 
183 
108 
151 
125 
176 
 98 
171 
 85 
203 
157 
156 
 42 
123 
128 
223 
216 
 98 
 36 
219 
 85 
111 
 92 
200 
 59 
198 
228 
 97 
158 
 56 
 56 
 89 
179 
 64 
174 
101 
154 
 78 
176 
113 
160 
 49 
109 
115 
203 
156 
 30 
123 
137 
155 
127 
149 
 77 
151 
166 
180 
173 
162 
104 
 27 
 84 
137 
139 
 77 
249 
 99 
135 
 86 
 82 
 79 
 62 
143 
108 
159 
100 
111 
138 
126 
 73 
201 
176 
 79 
 43 
127 
146 
119 
149 
150 
189 
164 
170 
125 
108 
125 
196 
199 
206 
195 
110 
234 
160 
 58 
158 
101 
 33 
 58 
146 
132 
123 
175 
137 
 72 
141 
202 
119 
162 
 59 
 81 
 63 
 97 
131 
100 
 51 
 64 
139 
 80 
 83 
130 
197 
173 
116 
 70 
149 
119 
112 
 78 
177 
217 
126 
 85 
 94 
 76 
177 
 27 
 29 
175 
 71 
173 
143 
119 
157 
 50 
147 
 98 
115 
107 
171 
141 
 95 
 86 
173 
122 
 90 
 99 
183 
166 
111 
103 
174 
130 
125 
 97 
127 
174 
212 
130 
 49 
125 
160 
 69 
124 
104 
140 
132 
139 
 89 
210 
 93 
 41 
126 
146 
114 
167 
131 
223 
 59 
191 
136 
 45 
 79 
 76 
132 
 88 
169 
172 
 77 
224 
 97 
 37 
 56 
123 
194 
181 
 37 
118 
169 
 99 
 43 
114 
208 
 78 
113 
134 
 93 
145 
192 
109 
115 
134 
 25 
153 
 68 
140 
128 
130 
110 
113 
136 
 87 
101 
 37 
144 
167 
208 
 68 
159 
 62 
 97 
155 
166 
 10 
 50 
123 
 72 
136 
218 
 38 
 23 
125 
215 
114 
 51 
159 
104 
107 
107 
214 
 91 
143 
240 
136 
214 
 91 
 39 
 65 
132 
177 
167 
129 
103 
138 
162 
172 
106 
 68 
118 
115 
145 
 81 
174 
107 
 68 
 84 
173 
 89 
185 
117 
 35 
169 
168 
118 
137 
 53 
 58 
 60 
 93 
134 
161 
188 
125 
 90 
171 
 37 
114 
102 
136 
 64 
 44 
160 
 74 
 96 
184 
107 
151 
125 
175 
 99 
172 
 84 
204 
158 
156 
 41 
122 
129 
224 
216 
 97 
 36 
222 
 83 
111 
 90 
202 
 56 
200 
230 
 96 
158 
 54 
 53 
 88 
180 
 62 
176 
101 
156 
 77 
177 
113 
161 
 47 
109 
114 
206 
157 
 28 
123 
137 
156 
128 
150 
 77 
151 
167 
181 
173 
162 
104 
 26 
 83 
138 
139 
 77 
249 
 99 
135 
 86 
 81 
 78 
 62 
143 
107 
160 
100 
111 
138 
126 
 72 
202 
176 
 79 
 42 
128 
146 
119 
149 
150 
189 
164 
171 
125 
107 
125 
196 
199 
206 
195 
110 
235 
161 
 58 
159 
101 
 33 
 58 
146 
131 
122 
175 
138 
 72 
141 
202 
119 
164 
 57 
 79 
 61 
 96 
131 
 99 
 49 
 63 
140 
 78 
 81 
130 
199 
175 
115 
 68 
150 
119 
111 
 77 
178 
220 
126 
 83 
 93 
 74 
178 
 24 
 27 
177 
 69 
173 
143 
119 
156 
 49 
146 
 97 
115 
107 
171 
141 
 95 
 86 
173 
122 
 90 
 99 
183 
166 
111 
104 
174 
129 
125 
 97 
128 
174 
211 
130 
 49 
125 
160 
 67 
123 
103 
140 
132 
140 
 88 
212 
 92 
 39 
126 
146 
114 
168 
130 
225 
 57 
194 
136 
 43 
 78 
 75 
132 
 87 
171 
173 
 76 
226 
 96 
 34 
 53 
123 
193 
181 
 40 
118 
168 
100 
 44 
113 
206 
 80 
113 
135 
 93 
144 
191 
109 
116 
135 
 26 
153 
 68 
139 
128 
130 
111 
113 
135 
 87 
102 
 40 
144 
166 
217 
 58 
163 
 52 
 92 
157 
171 
  4 
 40 
121 
 65 
137 
228 
 28 
 14 
124 
225 
112 
 41 
166 
101 
104 
104 
224 
 86 
146 
247 
137 
224 
 84 
 30 
 56 
130 
175 
166 
130 
104 
137 
162 
171 
107 
 70 
118 
116 
146 
 82 
173 
109 
 70 
 87 
171 
 91 
183 
116 
 37 
168 
168 
118 
137 
 55 
 61 
 62 
 95 
135 
162 
191 
125 
 89 
173 
 34 
113 
102 
137 
 62 
 42 
162 
 74 
 95 
185 
107 
151 
125 
177 
 97 
173 
 82 
205 
158 
158 
 40 
123 
128 
226 
218 
 97 
 34 
220 
 84 
111 
 91 
200 
 59 
198 
229 
 97 
158 
 55 
 55 
 89 
179 
 64 
175 
102 
155 
 78 
175 
113 
160 
 49 
109 
113 
203 
158 
 29 
123 
137 
155 
128 
151 
 74 
153 
168 
183 
175 
164 
102 
 24 
 82 
137 
139 
 74 
251 
 97 
137 
 84 
 80 
 76 
 59 
144 
107 
160 
 97 
111 
139 
125 
 70 
205 
179 
 76 
 40 
128 
146 
118 
151 
151 
191 
164 
171 
125 
107 
125 
198 
201 
208 
198 
109 
237 
162 
 55 
160 
100 
 30 
 55 
146 
132 
123 
177 
137 
 70 
142 
205 
118 
164 
 55 
 78 
 59 
 95 
132 
 97 
 47 
 61 
139 
 76 
 80 
130 
201 
177 
116 
 66 
151 
118 
111 
 74 
181 
222 
125 
 82 
 91 
 72 
181 
 22 
 25 
179 
 68 
175 
144 
118 
158 
 47 
148 
 97 
116 
107 
173 
142 
 95 
 84 
175 
123 
 89 
 97 
185 
166 
111 
102 
175 
130 
125 
 95 
128 
175 
214 
130 
 47 
125 
162 
 68 
125 
104 
139 
132 
139 
 89 
211 
 93 
 41 
125 
146 
113 
166 
130 
223 
 59 
193 
137 
 44 
 80 
 76 
132 
 89 
168 
173 
 76 
225 
 95 
 35 
 55 
123 
128 
128 
128 
128 
128 
128 
128 
128 
128 
128 
128 
128 
128 
128 
128 
128 
128 
128 
128 
128 
128 
128 
128 
128 
128 
128 
128 
128 
128 
128 
128 
128 
128 
128 
128 
128 
128 
128 
128 
128 
128 
128 
128 
128 
128 
128 
128 
128 
128 
128 
128 
128 
128 
128 
128 
128 
128 
128 
128 
128 
128 
128 
128 
128 
128 
128 
128 
128 
128 
128 
128 
128 
128 
128 
128 
128 
128 
128 
128 
128 
128 
128 
128 
128 
128 
128 
128 
128 
128 
128 
128 
128 
128 
128 
128 
128 
128 
128 
128 
128 
128 
128 
128 
128 
128 
128 
128 
128 
128 
128 
128 
128 
128 
128 
128 
128 
128 
128 
128 
128 
128 
128 
128 
128 
128 
128 
128 
128 
128 
128 
128 
128 
128 
128 
128 
128 
128 
128 
128 
128 
128 
128 
128 
128 
128 
128 
128 
128 
128 
128 
128 
128 
128 
128 
128 
128 
128 
128 
128 
128 
128 
128 
128 
128 
128 
128 
128 
128 
128 
128 
128 
128 
128 
128 
128 
128 
128 
128 
128 
128 
128 
128 
128 
128 
128 
128 
128 
128 
128 
128 
128 
128 
128 
128 
128 
128 
128 
128 
128 
128 
128 
128 
128 
128 
128 
128 
128 
128 
128 
128 
128 
128 
128 
128 
128 
128 
128 
128 
128 
128 
128 
128 
128 
128 
128 
128 
128 
128 
128 
128 
128 
128 
128 
128 
128 
128 
128 
128 
128 
128 
128 
128 
128 
128 
128 
128 
128 
128 
128 
128 
128 
128 
128 
128 
128 
128 
128 
128 
128 
128 
128 
128 
128 
128 
128 
128 
128 
128 
128 
128 
128 
128 
128 
128 
128 
128 
128 
128 
128 
128 
128 
128 
128 
128 
128 
128 
128 
128 
128 
128 
128 
128 
128 
128 
128 
128 
128 
128 
128 
128 
128 
128 
128 
128 
128 
128 
128 
128 
128 
128 
128 
128 
128 
128 
128 
128 
128 
128 
128 
128 
128 
128 
128 
128 
128 
128 
128 
128 
128 
128 
128 
128 
128 
128 
128 
128 
128 
128 
128 
128 
128 
128 
128 
128 
128 
128 
128 
128 
128 
128 
128 
128 
128 
128 
128 
128 
128 
128 
128 
128 
128 
128 
128 
128 
128 
128 
128 
128 
128 
128 
128 
128 
128 
128 
128 
128 
128 
128 
128 
128 
128 
128 
128 
128 
128 
128 
128 
128 
128 
128 
128 
128 
128 
128 
128 
128 
128 
128 
128 
128 
128 
128 
128 
128 
128 
128 
128 
128 
128 
128 
128 
128 
128 
128 
128 
128 
128 
128 
128 
128 
128 
128 
128 
128 
128 
128 
128 
128 
128 
128 
128 
128 
128 
128 
128 
128 
128 
128 
128 
128 
128 
128 
128 
128 
128 
128 
128 
128 
128 
128 
128 
128 
128 
128 
128 
128 
128 
128 
128 
128 
128 
128 
128 
128 
128 
128 
128 
128 
128 
128 
128 
128 
128 
128 
128 
128 
128 
128 
128 
128 
128 
128 
128 
128 
128 
128 
128 
128 
128 
128 
128 
128 
128 
128 
128 
128 
128 
128 
128 
128 
128 
128 
128 
128 
128 
128 
128 
128 
128 
128 
128 
128 
128 
128 
128 
128 
128 
128 
128 
128 
128 
128 
128 
128 
128 
128 
128 
128 
128 
128 
128 
128 
128 
128 
128 
128 
128 
128 
128 
128 
128 
128 
128 
128 
128 
128 
128 
128 
128 
128 
128 
128 
128 
128 
128 
128 
128 
128 
128 
128 
128 
128 
128 
128 
128 
128 
128 
128 
128 
128 
128 
128 
128 
128 
128 
128 
128 
128 
128 
128 
128 
128 
128 
128 
128 
128 
128 
128 
128 
128 
128 
128 
128 
128 
128 
128 
128 
128 
128 
128 
128 
128 
128 
128 
128 
128 
128 
128 
128 
128 
128 
128 
128 
128 
128 
128 
128 
128 
128 
128 
128 
128 
128 
128 
128 
128 
128 
128 
128 
128 
128 
128 
128 
128 
128 
128 
128 
128 
128 
128 
128 
128 
128 
128 
128 
128 
128 
128 
128 
128 
128 
128 
128 
128 
128 
128 
128 
128 
128 
128 
128 
128 
128 
128 
128 
128 
128 
128 
128 
128 
128 
128 
128 
128 
128 
128 
128 
128 
128 
128 
128 
128 
128 
128 
128 
128 
128 
128 
128 
128 
128 
128 
128 
128 
128 
128 
128 
128 
128 
128 
128 
128 
128 
128 
128 
128 
128 
128 
128 
128 
128 
128 
128 
128 
128 
128 
128 
128 
128 
128 
128 
128 
128 
128 
128 
128 
128 
128 
128 
128 
128 
128 
128 
128 
128 
128 
128 
128 
128 
128 
128 
128 
128 
128 
128 
128 
128 
128 
128 
128 
128 
128 
128 
128 
128 
128 
128 
128 
128 
128 
128 
128 
128 
128 
128 
128 
128 
128 
128 
128 
128 
128 
128 
128 
128 
128 
128 
128 
128 
128 
128 
128 
128 
128 
128 
128 
128 
128 
128 
128 
128 
128 
128 
128 
128 
128 
128 
128 
128 
128 
128 
128 
128 
128 
128 
128 
128 
128 
128 
128 
128 
128 
128 
128 
128 
128 
128 
128 
128 
128 
128 
128 
128 
128 
128 
128 
128 
128 
128 
128 
128 
128 
128 
128 
128 
128 
128 
128 
128 
128 
128 
128 
128 
128 
128 
128 
128 
128 
128 
128 
128 
128 
128 
128 
128 
128 
128 
128 
128 
128 
128 
128 
128 
128 
128 
128 
128 
128 
128 
128 
128 
128 
128 
128 
128 
128 
128 
128 
128 
128 
128 
128 
128 
128 
128 
128 
128 
128 
128 
128 
128 
128 
128 
128 
128 
128 
128 
128 
128 
128 
128 
128 
128 
128 
128 
128 
128 
128 
128 
128 
128 
128 
128 
128 
128 
128 
128 
128 
128 
128 
128 
128 
128 
128 
128 
128 
128 
128 
128 
128 
128 
128 
128 
128 
128 
128 
128 
128 
128 
128 
128 
128 
128 
128 
128 
128 
128 
128 
128 
128 
128 
128 
128 
128 
128 
128 
128 
128 
128 
128 
128 
128 
128 
128 
128 
128 
128 
128 
128 
128 
128 
128 
128 
128 
128 
128 
128 
128 
128 
128 
128 
128 
128 
128 
128 
128 
128 
128 
128 
128 
128 
128 
128 
128 
128 
128 
128 
128 
128 
128 
128 
128 
128 
128 
128 
128 
128 
128 
128 
128 
128 
128 
128 
128 
128 
128 
128 
