198 
166 
 63 
 29 
117 
 31 
103 
117 
203 
199 
163 
199 
 84 
 69 
149 
175 
 89 
 72 
216 
153 
 99 
172 
167 
 98 
182 
139 
184 
146 
188 
160 
118 
194 
 31 
155 
166 
 56 
 55 
112 
151 
135 
137 
115 
108 
157 
148 
162 
163 
152 
 32 
102 
 86 
 60 
157 
180 
 85 
180 
134 
159 
199 
 70 
108 
175 
186 
208 
145 
 90 
 94 
 98 
 93 
110 
 37 
170 
 28 
 52 
159 
129 
 82 
120 
208 
246 
189 
 62 
198 
171 
119 
162 
111 
243 
103 
136 
 63 
230 
139 
134 
121 
176 
 65 
204 
184 
103 
112 
157 
142 
 46 
165 
123 
104 
 93 
213 
 89 
 75 
165 
 70 
146 
172 
229 
 99 
139 
 96 
138 
124 
161 
 89 
144 
 98 
 78 
217 
155 
 85 
140 
165 
 59 
198 
195 
 97 
116 
 56 
153 
158 
170 
 99 
166 
104 
105 
171 
159 
 48 
214 
 45 
113 
212 
 27 
198 
 44 
184 
 73 
 88 
147 
 82 
212 
193 
 76 
141 
204 
151 
170 
189 
223 
 16 
108 
108 
193 
129 
197 
196 
229 
101 
 92 
159 
115 
106 
113 
127 
 74 
162 
166 
208 
 91 
133 
 71 
216 
 94 
157 
144 
151 
186 
 15 
150 
 88 
222 
 22 
 86 
 41 
 63 
 68 
111 
162 
 48 
143 
115 
 65 
177 
141 
148 
169 
143 
128 
158 
108 
 59 
 89 
 72 
 75 
 84 
166 
 58 
200 
 70 
 47 
114 
117 
 13 
101 
190 
 91 
 71 
 83 
111 
 35 
192 
118 
 48 
234 
 46 
153 
153 
 29 
113 
 88 
169 
168 
105 
170 
112 
121 
184 
 89 
118 
176 
200 
215 
213 
159 
 64 
124 
215 
146 
 43 
134 
184 
 78 
 73 
158 
116 
148 
101 
 86 
149 
163 
 52 
228 
109 
128 
164 
116 
 97 
150 
161 
142 
 63 
161 
141 
150 
182 
147 
198 
214 
116 
161 
 66 
 99 
125 
169 
 81 
178 
 98 
 55 
111 
221 
228 
130 
151 
 74 
178 
 66 
 56 
111 
125 
174 
 37 
199 
166 
 62 
 28 
117 
 30 
102 
116 
204 
200 
164 
200 
 83 
 68 
149 
176 
 88 
 71 
217 
153 
 98 
172 
168 
 98 
183 
140 
184 
146 
189 
161 
118 
195 
 31 
155 
166 
 57 
 56 
112 
150 
135 
137 
115 
108 
156 
148 
162 
163 
151 
 33 
102 
 87 
 61 
157 
180 
 85 
180 
134 
159 
199 
 70 
108 
175 
186 
207 
145 
 90 
 94 
 98 
 93 
110 
 37 
170 
 28 
 52 
159 
129 
 82 
120 
208 
245 
189 
 62 
198 
171 
119 
162 
111 
242 
103 
136 
 63 
230 
139 
134 
121 
176 
 67 
203 
182 
104 
112 
156 
142 
 48 
164 
123 
104 
 94 
211 
 90 
 76 
164 
 71 
145 
171 
227 
 99 
139 
 97 
138 
124 
160 
 90 
143 
 99 
 79 
215 
154 
 85 
140 
165 
 58 
199 
195 
 97 
116 
 55 
153 
159 
170 
 99 
167 
104 
105 
171 
159 
 47 
214 
 45 
113 
213 
 27 
199 
 43 
185 
 73 
 87 
147 
 81 
213 
191 
 77 
141 
203 
151 
169 
188 
221 
 18 
109 
108 
192 
129 
195 
194 
227 
102 
 93 
159 
115 
106 
113 
127 
 76 
161 
165 
206 
 92 
133 
 73 
214 
 95 
156 
143 
151 
185 
 16 
150 
 89 
221 
 24 
 87 
 43 
 65 
 69 
111 
161 
 50 
143 
115 
 67 
176 
140 
148 
168 
142 
128 
157 
109 
 61 
 90 
 73 
 77 
 85 
164 
 62 
197 
 73 
 50 
115 
118 
 16 
103 
186 
 93 
 75 
 86 
112 
 39 
188 
119 
 52 
230 
 50 
152 
151 
 33 
114 
 91 
167 
166 
107 
168 
113 
122 
180 
 90 
118 
175 
199 
213 
211 
158 
 66 
124 
213 
146 
 45 
133 
183 
 79 
 75 
157 
117 
147 
102 
 87 
149 
162 
 54 
226 
109 
128 
163 
116 
 98 
149 
160 
142 
 63 
162 
142 
150 
182 
147 
199 
214 
116 
162 
 66 
 99 
125 
169 
 81 
178 
 98 
 55 
111 
221 
229 
130 
151 
 73 
178 
 66 
 56 
111 
125 
174 
 37 
198 
166 
 63 
 29 
117 
 31 
103 
116 
203 
199 
163 
199 
 84 
 69 
149 
175 
 89 
 72 
216 
153 
 99 
172 
167 
 99 
182 
139 
184 
146 
188 
161 
118 
194 
 31 
156 
166 
 56 
 55 
112 
151 
135 
137 
114 
108 
157 
148 
162 
163 
152 
 32 
102 
 86 
 60 
157 
180 
 85 
180 
134 
159 
200 
 70 
108 
175 
187 
208 
145 
 90 
 94 
 98 
 93 
110 
 37 
171 
 28 
 52 
159 
129 
 82 
120 
208 
246 
189 
 62 
198 
171 
119 
162 
111 
243 
102 
136 
 63 
231 
139 
134 
120 
176 
 67 
203 
183 
104 
112 
156 
142 
 47 
164 
123 
104 
 94 
212 
 90 
 76 
164 
 71 
145 
171 
228 
 99 
139 
 97 
138 
124 
160 
 90 
143 
 98 
 79 
215 
154 
 85 
140 
165 
 58 
199 
195 
 97 
116 
 55 
153 
158 
170 
 99 
167 
104 
105 
171 
159 
 48 
214 
 45 
113 
213 
 27 
199 
 43 
184 
 73 
 87 
147 
 81 
213 
191 
 77 
141 
202 
150 
168 
187 
221 
 18 
109 
109 
191 
129 
195 
194 
227 
102 
 93 
158 
115 
106 
114 
127 
 76 
161 
165 
206 
 92 
133 
 73 
214 
 96 
157 
143 
151 
185 
 16 
150 
 88 
221 
 23 
 87 
 42 
 65 
 69 
111 
161 
 50 
143 
115 
 66 
176 
141 
148 
168 
142 
128 
157 
109 
 61 
 90 
 73 
 77 
 85 
164 
 61 
197 
 73 
 50 
114 
117 
 16 
103 
187 
 93 
 74 
 86 
112 
 39 
189 
119 
 51 
231 
 50 
152 
151 
 32 
114 
 90 
167 
166 
107 
168 
113 
122 
181 
 90 
118 
175 
199 
214 
212 
158 
 65 
123 
214 
146 
 44 
134 
183 
 79 
 74 
157 
117 
147 
102 
 86 
149 
162 
 53 
227 
109 
128 
163 
116 
 97 
149 
160 
142 
 63 
162 
142 
150 
182 
147 
199 
214 
116 
162 
 66 
 99 
125 
169 
 81 
178 
 98 
 55 
111 
221 
228 
130 
151 
 74 
178 
 66 
 56 
111 
125 
174 
 37 
198 
166 
 62 
 29 
117 
 31 
102 
117 
203 
200 
163 
199 
 83 
 69 
149 
176 
 88 
 72 
216 
153 
 98 
172 
167 
 98 
183 
140 
184 
146 
188 
161 
118 
195 
 28 
156 
168 
 53 
 52 
112 
152 
136 
138 
114 
106 
158 
149 
164 
164 
153 
 29 
100 
 84 
 57 
159 
183 
 83 
183 
135 
160 
202 
 68 
107 
178 
189 
211 
145 
 89 
 93 
 97 
 92 
110 
 35 
172 
 26 
 50 
161 
129 
 81 
119 
210 
247 
190 
 60 
200 
172 
118 
163 
111 
244 
102 
137 
 61 
232 
140 
134 
121 
178 
 67 
203 
183 
104 
112 
156 
141 
 47 
164 
124 
104 
 94 
212 
 89 
 75 
165 
 71 
145 
172 
228 
 99 
139 
 96 
138 
124 
160 
 90 
144 
 99 
 79 
215 
154 
 84 
141 
166 
 56 
201 
197 
 96 
115 
 53 
154 
159 
172 
 98 
168 
103 
103 
172 
161 
 46 
216 
 43 
113 
215 
 25 
201 
 41 
186 
 71 
 86 
148 
 79 
215 
191 
 77 
141 
204 
150 
169 
188 
221 
 17 
109 
109 
192 
129 
195 
194 
228 
102 
 93 
159 
115 
106 
114 
126 
 75 
161 
166 
207 
 91 
134 
 72 
215 
 95 
156 
144 
151 
185 
 15 
150 
 88 
221 
 23 
 87 
 42 
 64 
 69 
111 
161 
 49 
143 
115 
 67 
176 
140 
148 
168 
143 
128 
158 
109 
 61 
 90 
 72 
 77 
 86 
166 
 59 
199 
 71 
 48 
114 
117 
 14 
102 
189 
 91 
 72 
 84 
111 
 37 
190 
119 
 49 
233 
 48 
153 
153 
 30 
114 
 89 
168 
168 
106 
169 
112 
121 
183 
 90 
119 
175 
199 
214 
212 
158 
 65 
124 
214 
145 
 44 
134 
183 
 79 
 74 
158 
116 
148 
101 
 87 
149 
162 
 53 
226 
110 
128 
162 
116 
 97 
150 
160 
142 
 61 
163 
142 
150 
184 
148 
201 
216 
115 
163 
 65 
 98 
125 
171 
 79 
179 
 97 
 53 
110 
223 
230 
130 
152 
 72 
179 
 65 
 54 
111 
125 
176 
 35 
196 
164 
 64 
 30 
118 
 33 
102 
116 
201 
198 
162 
198 
 84 
 70 
148 
175 
 89 
 74 
214 
153 
100 
171 
166 
100 
181 
139 
183 
146 
187 
160 
118 
193 
 19 
160 
174 
 43 
 43 
109 
157 
137 
140 
112 
104 
163 
154 
169 
171 
157 
 20 
 95 
 78 
 47 
163 
192 
 76 
192 
137 
166 
212 
 58 
104 
185 
199 
221 
146 
 89 
 93 
 97 
 93 
109 
 37 
171 
 28 
 52 
160 
130 
 82 
120 
208 
246 
189 
 61 
198 
171 
118 
162 
111 
242 
102 
137 
 62 
230 
139 
135 
120 
177 
 64 
205 
185 
102 
111 
158 
142 
 45 
164 
123 
104 
 93 
214 
 89 
 74 
166 
 68 
146 
173 
230 
 97 
139 
 95 
139 
125 
162 
 89 
144 
 97 
 76 
218 
155 
 84 
142 
166 
 57 
200 
196 
 97 
116 
 55 
153 
160 
171 
 97 
166 
104 
104 
171 
160 
 47 
214 
 44 
113 
213 
 26 
200 
 42 
185 
 72 
 87 
146 
 80 
213 
194 
 74 
142 
205 
151 
171 
191 
223 
 15 
107 
107 
194 
128 
198 
196 
230 
102 
 91 
160 
113 
104 
113 
128 
 74 
162 
166 
210 
 91 
135 
 70 
217 
 93 
158 
144 
151 
187 
 14 
151 
 87 
223 
 21 
 84 
 40 
 62 
 66 
111 
162 
 47 
144 
113 
 64 
177 
142 
148 
171 
144 
128 
158 
109 
 59 
 89 
 70 
 74 
 84 
166 
 57 
201 
 68 
 45 
113 
116 
 13 
102 
191 
 91 
 70 
 82 
111 
 34 
193 
118 
 47 
235 
 45 
153 
153 
 28 
113 
 89 
171 
168 
104 
171 
111 
120 
185 
 89 
118 
177 
201 
215 
214 
160 
 62 
123 
215 
146 
 42 
135 
185 
 78 
 72 
158 
116 
148 
100 
 84 
148 
164 
 52 
228 
109 
128 
164 
116 
 95 
151 
162 
142 
 62 
162 
142 
151 
183 
146 
200 
214 
116 
162 
 66 
100 
125 
171 
 80 
179 
 97 
 55 
111 
221 
229 
130 
151 
 74 
179 
 66 
 55 
111 
125 
175 
 37 
128 
128 
128 
128 
128 
128 
128 
128 
128 
128 
128 
128 
128 
128 
128 
128 
128 
128 
128 
128 
128 
128 
128 
128 
128 
128 
128 
128 
128 
128 
128 
128 
128 
128 
128 
128 
128 
128 
128 
128 
128 
128 
128 
128 
128 
128 
128 
128 
128 
128 
128 
128 
128 
128 
128 
128 
128 
128 
128 
128 
128 
128 
128 
128 
128 
128 
128 
128 
128 
128 
128 
128 
128 
128 
128 
128 
128 
128 
128 
128 
128 
128 
128 
128 
128 
128 
128 
128 
128 
128 
128 
128 
128 
128 
128 
128 
128 
128 
128 
128 
128 
128 
128 
128 
128 
128 
128 
128 
128 
128 
128 
128 
128 
128 
128 
128 
128 
128 
128 
128 
128 
128 
128 
128 
128 
128 
128 
128 
128 
128 
128 
128 
128 
128 
128 
128 
128 
128 
128 
128 
128 
128 
128 
128 
128 
128 
128 
128 
128 
128 
128 
128 
128 
128 
128 
128 
128 
128 
128 
128 
128 
128 
128 
128 
128 
128 
128 
128 
128 
128 
128 
128 
128 
128 
128 
128 
128 
128 
128 
128 
128 
128 
128 
128 
128 
128 
128 
128 
128 
128 
128 
128 
128 
128 
128 
128 
128 
128 
128 
128 
128 
128 
128 
128 
128 
128 
128 
128 
128 
128 
128 
128 
128 
128 
128 
128 
128 
128 
128 
128 
128 
128 
128 
128 
128 
128 
128 
128 
128 
128 
128 
128 
128 
128 
128 
128 
128 
128 
128 
128 
128 
128 
128 
128 
128 
128 
128 
128 
128 
128 
128 
128 
128 
128 
128 
128 
128 
128 
128 
128 
128 
128 
128 
128 
128 
128 
128 
128 
128 
128 
128 
128 
128 
128 
128 
128 
128 
128 
128 
128 
128 
128 
128 
128 
128 
128 
128 
128 
128 
128 
128 
128 
128 
128 
128 
128 
128 
128 
128 
128 
128 
128 
128 
128 
128 
128 
128 
128 
128 
128 
128 
128 
128 
128 
128 
128 
128 
128 
128 
128 
128 
128 
128 
128 
128 
128 
128 
128 
128 
128 
128 
128 
128 
128 
128 
128 
128 
128 
128 
128 
128 
128 
128 
128 
128 
128 
128 
128 
128 
128 
128 
128 
128 
128 
128 
128 
128 
128 
128 
128 
128 
128 
128 
128 
128 
128 
128 
128 
128 
128 
128 
128 
128 
128 
128 
128 
128 
128 
128 
128 
128 
128 
128 
128 
128 
128 
128 
128 
128 
128 
128 
128 
128 
128 
128 
128 
128 
128 
128 
128 
128 
128 
128 
128 
128 
128 
128 
128 
128 
128 
128 
128 
128 
128 
128 
128 
128 
128 
128 
128 
128 
128 
128 
128 
128 
128 
128 
128 
128 
128 
128 
128 
128 
128 
128 
128 
128 
128 
128 
128 
128 
128 
128 
128 
128 
128 
128 
128 
128 
128 
128 
128 
128 
128 
128 
128 
128 
128 
128 
128 
128 
128 
128 
128 
128 
128 
128 
128 
128 
128 
128 
128 
128 
128 
128 
128 
128 
128 
128 
128 
128 
128 
128 
128 
128 
128 
128 
128 
128 
128 
128 
128 
128 
128 
128 
128 
128 
128 
128 
128 
128 
128 
128 
128 
128 
128 
128 
128 
128 
128 
128 
128 
128 
128 
128 
128 
128 
128 
128 
128 
128 
128 
128 
128 
128 
128 
128 
128 
128 
128 
128 
128 
128 
128 
128 
128 
128 
128 
128 
128 
128 
128 
128 
128 
128 
128 
128 
128 
128 
128 
128 
128 
128 
128 
128 
128 
128 
128 
128 
128 
128 
128 
128 
128 
128 
128 
128 
128 
128 
128 
128 
128 
128 
128 
128 
128 
128 
128 
128 
128 
128 
128 
128 
128 
128 
128 
128 
128 
128 
128 
128 
128 
128 
128 
128 
128 
128 
128 
128 
128 
128 
128 
128 
128 
128 
128 
128 
128 
128 
128 
128 
128 
128 
128 
128 
128 
128 
128 
128 
128 
128 
128 
128 
128 
128 
128 
128 
128 
128 
128 
128 
128 
128 
128 
128 
128 
128 
128 
128 
128 
128 
128 
128 
128 
128 
128 
128 
128 
128 
128 
128 
128 
128 
128 
128 
128 
128 
128 
128 
128 
128 
128 
128 
128 
128 
128 
128 
128 
128 
128 
128 
128 
128 
128 
128 
128 
128 
128 
128 
128 
128 
128 
128 
128 
128 
128 
128 
128 
128 
128 
128 
128 
128 
128 
128 
128 
128 
128 
128 
128 
128 
128 
128 
128 
128 
128 
128 
128 
128 
128 
128 
128 
128 
128 
128 
128 
128 
128 
128 
128 
128 
128 
128 
128 
128 
128 
128 
128 
128 
128 
128 
128 
128 
128 
128 
128 
128 
128 
128 
128 
128 
128 
128 
128 
128 
128 
128 
128 
128 
128 
128 
128 
128 
128 
128 
128 
128 
128 
128 
128 
128 
128 
128 
128 
128 
128 
128 
128 
128 
128 
128 
128 
128 
128 
128 
128 
128 
128 
128 
128 
128 
128 
128 
128 
128 
128 
128 
128 
128 
128 
128 
128 
128 
128 
128 
128 
128 
128 
128 
128 
128 
128 
128 
128 
128 
128 
128 
128 
128 
128 
128 
128 
128 
128 
128 
128 
128 
128 
128 
128 
128 
128 
128 
128 
128 
128 
128 
128 
128 
128 
128 
128 
128 
128 
128 
128 
128 
128 
128 
128 
128 
128 
128 
128 
128 
128 
128 
128 
128 
128 
128 
128 
128 
128 
128 
128 
128 
128 
128 
128 
128 
128 
128 
128 
128 
128 
128 
128 
128 
128 
128 
128 
128 
128 
128 
128 
128 
128 
128 
128 
128 
128 
128 
128 
128 
128 
128 
128 
128 
128 
128 
128 
128 
128 
128 
128 
128 
128 
128 
128 
128 
128 
128 
128 
128 
128 
128 
128 
128 
128 
128 
128 
128 
128 
128 
128 
128 
128 
128 
128 
128 
128 
128 
128 
128 
128 
128 
128 
128 
128 
128 
128 
128 
128 
128 
128 
128 
128 
128 
128 
128 
128 
128 
128 
128 
128 
128 
128 
128 
128 
128 
128 
128 
128 
128 
128 
128 
128 
128 
128 
128 
128 
128 
128 
128 
128 
128 
128 
128 
128 
128 
128 
128 
128 
128 
128 
128 
128 
128 
128 
128 
128 
128 
128 
128 
128 
128 
128 
128 
128 
128 
128 
128 
128 
128 
128 
128 
128 
128 
128 
128 
128 
128 
128 
128 
128 
128 
128 
128 
128 
128 
128 
128 
128 
128 
128 
128 
