164 
134 
151 
144 
185 
158 
173 
164 
164 
138 
144 
185 
 82 
188 
228 
 40 
218 
151 
129 
 23 
 66 
 81 
172 
 81 
114 
105 
204 
162 
104 
151 
 95 
217 
138 
101 
207 
168 
147 
115 
203 
108 
174 
 71 
 39 
 73 
 92 
 35 
155 
189 
132 
 98 
147 
 59 
218 
 90 
220 
147 
 46 
157 
186 
 70 
 47 
174 
 56 
100 
192 
204 
168 
115 
143 
160 
 95 
 57 
194 
126 
 64 
143 
188 
 63 
 59 
125 
 71 
137 
122 
 75 
 89 
 69 
209 
 76 
102 
121 
208 
 85 
159 
 98 
142 
124 
 93 
132 
 84 
 94 
 87 
201 
208 
214 
178 
119 
177 
174 
122 
 86 
 79 
 24 
157 
189 
150 
 20 
118 
 98 
202 
 77 
228 
149 
224 
102 
171 
216 
128 
 47 
 24 
117 
174 
114 
130 
162 
237 
129 
191 
 69 
 43 
161 
218 
 37 
185 
 84 
219 
139 
184 
101 
161 
185 
 69 
229 
177 
130 
 46 
119 
178 
220 
160 
162 
 47 
128 
101 
151 
122 
 66 
 76 
 94 
214 
 71 
153 
108 
135 
125 
141 
191 
 71 
211 
172 
104 
113 
131 
209 
 28 
148 
183 
 35 
203 
192 
 40 
134 
 30 
101 
 24 
163 
 43 
133 
135 
 95 
 92 
130 
179 
 77 
111 
138 
 88 
 54 
192 
 77 
125 
123 
 92 
 71 
102 
 97 
162 
183 
185 
107 
109 
 65 
 90 
152 
 27 
178 
203 
187 
181 
106 
179 
122 
172 
203 
 97 
 19 
114 
 38 
165 
 30 
 66 
125 
 82 
 75 
142 
100 
139 
146 
216 
216 
 43 
178 
195 
220 
166 
111 
 71 
 20 
 33 
 94 
118 
157 
185 
217 
223 
214 
180 
235 
206 
 86 
187 
139 
132 
179 
198 
 62 
 67 
170 
 51 
150 
208 
164 
122 
 83 
 55 
105 
122 
 57 
 51 
 89 
 59 
211 
 85 
 55 
209 
121 
 77 
167 
127 
 59 
124 
 39 
134 
116 
163 
 68 
135 
128 
 90 
194 
 87 
157 
142 
130 
151 
120 
128 
219 
188 
 90 
160 
165 
134 
152 
144 
186 
158 
173 
165 
164 
138 
144 
186 
 81 
189 
229 
 39 
219 
151 
129 
 22 
 65 
 80 
173 
 80 
114 
104 
205 
162 
103 
151 
 95 
218 
138 
102 
206 
168 
147 
115 
202 
108 
174 
 71 
 40 
 73 
 92 
 36 
155 
188 
132 
 99 
147 
 59 
217 
 91 
219 
147 
 47 
157 
186 
 71 
 48 
174 
 56 
101 
192 
204 
168 
115 
143 
160 
 95 
 57 
194 
126 
 64 
143 
188 
 63 
 59 
125 
 71 
137 
122 
 75 
 89 
 69 
209 
 76 
102 
121 
208 
 85 
158 
 98 
142 
124 
 94 
132 
 85 
 95 
 88 
199 
207 
213 
177 
119 
176 
173 
122 
 88 
 81 
 26 
156 
188 
150 
 21 
118 
 98 
201 
 79 
226 
149 
223 
103 
169 
215 
129 
 49 
 23 
117 
175 
114 
130 
163 
238 
129 
192 
 69 
 43 
162 
219 
 36 
186 
 84 
219 
139 
185 
101 
162 
185 
 68 
229 
177 
130 
 46 
119 
179 
221 
160 
163 
 49 
128 
101 
150 
123 
 67 
 77 
 95 
213 
 72 
152 
109 
135 
125 
140 
190 
 73 
210 
171 
105 
113 
131 
208 
 30 
148 
181 
 37 
201 
190 
 42 
134 
 32 
102 
 26 
162 
 45 
133 
135 
 96 
 93 
130 
178 
 78 
111 
137 
 89 
 55 
190 
 78 
125 
123 
 93 
 72 
103 
 98 
161 
182 
184 
107 
110 
 66 
 91 
151 
 28 
175 
200 
183 
178 
108 
176 
122 
169 
199 
 99 
 22 
115 
 42 
163 
 34 
 69 
125 
 85 
 78 
141 
101 
138 
145 
212 
213 
 47 
175 
191 
216 
163 
112 
 74 
 21 
 35 
 95 
118 
156 
184 
215 
221 
213 
178 
234 
204 
 87 
186 
139 
132 
178 
197 
 63 
 68 
169 
 53 
149 
206 
163 
122 
 84 
 57 
105 
122 
 58 
 53 
 89 
 59 
211 
 85 
 55 
210 
121 
 77 
167 
127 
 58 
124 
 39 
134 
115 
163 
 68 
135 
128 
 90 
194 
 87 
157 
142 
130 
151 
120 
128 
219 
188 
 90 
160 
164 
134 
152 
144 
186 
158 
173 
165 
164 
138 
144 
185 
 81 
188 
229 
 40 
219 
151 
129 
 23 
 65 
 81 
172 
 80 
114 
105 
204 
162 
103 
151 
 95 
217 
138 
102 
207 
168 
147 
115 
203 
108 
175 
 70 
 39 
 72 
 92 
 35 
155 
189 
132 
 98 
147 
 59 
218 
 90 
220 
147 
 46 
157 
186 
 70 
 47 
174 
 56 
100 
193 
204 
168 
115 
143 
160 
 95 
 56 
194 
126 
 64 
143 
188 
 63 
 59 
125 
 71 
137 
122 
 75 
 89 
 69 
209 
 76 
102 
120 
208 
 84 
159 
 98 
142 
124 
 94 
132 
 85 
 95 
 88 
199 
207 
213 
177 
119 
176 
173 
122 
 87 
 80 
 26 
156 
188 
150 
 21 
118 
 98 
201 
 78 
226 
149 
223 
103 
169 
215 
128 
 49 
 24 
117 
175 
114 
130 
162 
237 
129 
191 
 69 
 43 
162 
219 
 37 
186 
 84 
219 
139 
185 
101 
162 
185 
 68 
229 
177 
130 
 46 
119 
179 
221 
160 
163 
 50 
128 
101 
150 
123 
 68 
 78 
 95 
212 
 72 
152 
109 
135 
125 
140 
190 
 73 
209 
171 
105 
114 
131 
207 
 30 
148 
181 
 38 
201 
190 
 42 
134 
 32 
102 
 25 
162 
 45 
134 
135 
 96 
 93 
130 
178 
 78 
111 
137 
 88 
 55 
190 
 78 
125 
123 
 92 
 72 
103 
 98 
161 
182 
184 
107 
110 
 66 
 91 
152 
 28 
175 
200 
184 
179 
108 
177 
122 
170 
200 
 98 
 22 
115 
 41 
163 
 33 
 69 
125 
 84 
 78 
141 
101 
138 
145 
213 
213 
 46 
175 
192 
216 
164 
112 
 73 
 21 
 34 
 94 
118 
156 
184 
216 
222 
213 
179 
235 
204 
 87 
187 
139 
132 
178 
197 
 63 
 67 
170 
 52 
149 
207 
164 
122 
 83 
 56 
105 
122 
 58 
 52 
 90 
 59 
211 
 85 
 55 
209 
121 
 77 
167 
128 
 59 
124 
 39 
134 
116 
163 
 68 
135 
128 
 90 
194 
 87 
157 
142 
130 
151 
120 
128 
219 
188 
 90 
160 
165 
133 
152 
144 
186 
158 
173 
165 
163 
138 
145 
185 
 82 
188 
229 
 40 
219 
150 
129 
 23 
 66 
 81 
172 
 81 
114 
105 
204 
162 
103 
150 
 96 
217 
139 
100 
210 
170 
148 
114 
206 
106 
176 
 68 
 36 
 70 
 91 
 32 
156 
192 
133 
 97 
148 
 56 
221 
 88 
223 
148 
 43 
159 
189 
 68 
 44 
176 
 53 
 99 
194 
207 
169 
114 
144 
161 
 94 
 55 
196 
126 
 62 
144 
189 
 61 
 58 
125 
 70 
137 
122 
 74 
 88 
 68 
211 
 75 
101 
121 
210 
 83 
159 
 97 
142 
123 
 94 
131 
 86 
 94 
 88 
199 
207 
213 
177 
120 
176 
173 
122 
 87 
 80 
 26 
156 
188 
150 
 21 
117 
 99 
201 
 79 
226 
149 
223 
102 
169 
215 
129 
 49 
 21 
117 
177 
113 
130 
163 
239 
129 
194 
 67 
 40 
163 
221 
 34 
187 
 83 
222 
140 
186 
 99 
162 
187 
 67 
231 
179 
130 
 44 
119 
180 
223 
162 
163 
 49 
128 
101 
150 
122 
 67 
 77 
 95 
213 
 72 
153 
109 
135 
125 
140 
190 
 72 
211 
172 
105 
114 
131 
208 
 29 
148 
182 
 37 
202 
190 
 41 
134 
 31 
101 
 25 
162 
 44 
134 
135 
 95 
 93 
130 
178 
 78 
111 
138 
 89 
 55 
190 
 78 
125 
124 
 93 
 72 
102 
 97 
161 
182 
184 
107 
110 
 66 
 90 
151 
 28 
177 
202 
186 
180 
107 
178 
122 
171 
202 
 97 
 20 
114 
 39 
165 
 31 
 67 
125 
 83 
 77 
143 
100 
139 
145 
215 
215 
 44 
177 
193 
218 
165 
111 
 71 
 21 
 34 
 95 
117 
156 
184 
215 
221 
213 
178 
234 
205 
 87 
186 
139 
133 
178 
197 
 63 
 68 
169 
 52 
149 
206 
164 
122 
 83 
 56 
105 
122 
 58 
 52 
 88 
 57 
213 
 83 
 53 
212 
121 
 75 
168 
128 
 56 
123 
 37 
134 
115 
163 
 67 
136 
128 
 88 
196 
 86 
158 
142 
130 
152 
121 
128 
221 
190 
 89 
161 
164 
135 
151 
144 
185 
158 
173 
164 
162 
137 
144 
183 
 82 
187 
227 
 41 
217 
151 
130 
 24 
 66 
 82 
171 
 82 
113 
104 
203 
162 
104 
151 
 95 
215 
140 
 95 
221 
177 
151 
112 
215 
104 
185 
 58 
 27 
 61 
 84 
 23 
160 
201 
134 
 92 
151 
 47 
231 
 81 
232 
151 
 33 
163 
199 
 58 
 34 
185 
 43 
 95 
193 
205 
168 
116 
144 
160 
 95 
 57 
194 
128 
 64 
144 
189 
 62 
 59 
125 
 70 
137 
123 
 74 
 89 
 68 
210 
 76 
102 
120 
208 
 84 
160 
 97 
142 
123 
 93 
132 
 84 
 93 
 87 
201 
210 
215 
179 
118 
177 
175 
123 
 87 
 78 
 24 
158 
191 
151 
 18 
118 
 97 
203 
 76 
229 
151 
226 
102 
171 
217 
128 
 47 
 23 
116 
175 
113 
130 
162 
238 
130 
193 
 68 
 42 
162 
220 
 35 
187 
 84 
220 
139 
185 
100 
162 
185 
 68 
230 
177 
130 
 45 
118 
179 
221 
160 
162 
 47 
128 
100 
151 
123 
 64 
 76 
 93 
215 
 70 
153 
109 
135 
125 
142 
193 
 70 
213 
173 
104 
113 
132 
210 
 27 
148 
183 
 34 
203 
193 
 40 
135 
 29 
100 
 23 
164 
 42 
135 
135 
 95 
 91 
130 
179 
 76 
111 
137 
 87 
 52 
193 
 76 
125 
123 
 91 
 70 
102 
 97 
162 
185 
187 
107 
109 
 64 
 89 
153 
 26 
179 
205 
187 
181 
107 
179 
123 
173 
205 
 95 
 18 
113 
 37 
166 
 28 
 64 
125 
 82 
 74 
142 
100 
139 
146 
217 
217 
 42 
179 
196 
221 
166 
111 
 70 
 19 
 32 
 93 
118 
158 
185 
218 
223 
215 
181 
237 
206 
 84 
189 
139 
132 
181 
200 
 61 
 66 
171 
 50 
151 
208 
164 
123 
 82 
 54 
104 
120 
 55 
 50 
 89 
 59 
211 
 84 
 55 
210 
120 
 76 
168 
128 
 59 
123 
 40 
135 
116 
162 
 68 
135 
128 
 89 
194 
 87 
158 
142 
130 
151 
120 
128 
220 
189 
 91 
160 
128 
128 
128 
128 
128 
128 
128 
128 
128 
128 
128 
128 
128 
128 
128 
128 
128 
128 
128 
128 
128 
128 
128 
128 
128 
128 
128 
128 
128 
128 
128 
128 
128 
128 
128 
128 
128 
128 
128 
128 
128 
128 
128 
128 
128 
128 
128 
128 
128 
128 
128 
128 
128 
128 
128 
128 
128 
128 
128 
128 
128 
128 
128 
128 
128 
128 
128 
128 
128 
128 
128 
128 
128 
128 
128 
128 
128 
128 
128 
128 
128 
128 
128 
128 
128 
128 
128 
128 
128 
128 
128 
128 
128 
128 
128 
128 
128 
128 
128 
128 
128 
128 
128 
128 
128 
128 
128 
128 
128 
128 
128 
128 
128 
128 
128 
128 
128 
128 
128 
128 
128 
128 
128 
128 
128 
128 
128 
128 
128 
128 
128 
128 
128 
128 
128 
128 
128 
128 
128 
128 
128 
128 
128 
128 
128 
128 
128 
128 
128 
128 
128 
128 
128 
128 
128 
128 
128 
128 
128 
128 
128 
128 
128 
128 
128 
128 
128 
128 
128 
128 
128 
128 
128 
128 
128 
128 
128 
128 
128 
128 
128 
128 
128 
128 
128 
128 
128 
128 
128 
128 
128 
128 
128 
128 
128 
128 
128 
128 
128 
128 
128 
128 
128 
128 
128 
128 
128 
128 
128 
128 
128 
128 
128 
128 
128 
128 
128 
128 
128 
128 
128 
128 
128 
128 
128 
128 
128 
128 
128 
128 
128 
128 
128 
128 
128 
128 
128 
128 
128 
128 
128 
128 
128 
128 
128 
128 
128 
128 
128 
128 
128 
128 
128 
128 
128 
128 
128 
128 
128 
128 
128 
128 
128 
128 
128 
128 
128 
128 
128 
128 
128 
128 
128 
128 
128 
128 
128 
128 
128 
128 
128 
128 
128 
128 
128 
128 
128 
128 
128 
128 
128 
128 
128 
128 
128 
128 
128 
128 
128 
128 
128 
128 
128 
128 
128 
128 
128 
128 
128 
128 
128 
128 
128 
128 
128 
128 
128 
128 
128 
128 
128 
128 
128 
128 
128 
128 
128 
128 
128 
128 
128 
128 
128 
128 
128 
128 
128 
128 
128 
128 
128 
128 
128 
128 
128 
128 
128 
128 
128 
128 
128 
128 
128 
128 
128 
128 
128 
128 
128 
128 
128 
128 
128 
128 
128 
128 
128 
128 
128 
128 
128 
128 
128 
128 
128 
128 
128 
128 
128 
128 
128 
128 
128 
128 
128 
128 
128 
128 
128 
128 
128 
128 
128 
128 
128 
128 
128 
128 
128 
128 
128 
128 
128 
128 
128 
128 
128 
128 
128 
128 
128 
128 
128 
128 
128 
128 
128 
128 
128 
128 
128 
128 
128 
128 
128 
128 
128 
128 
128 
128 
128 
128 
128 
128 
128 
128 
128 
128 
128 
128 
128 
128 
128 
128 
128 
128 
128 
128 
128 
128 
128 
128 
128 
128 
128 
128 
128 
128 
128 
128 
128 
128 
128 
128 
128 
128 
128 
128 
128 
128 
128 
128 
128 
128 
128 
128 
128 
128 
128 
128 
128 
128 
128 
128 
128 
128 
128 
128 
128 
128 
128 
128 
128 
128 
128 
128 
128 
128 
128 
128 
128 
128 
128 
128 
128 
128 
128 
128 
128 
128 
128 
128 
128 
128 
128 
128 
128 
128 
128 
128 
128 
128 
128 
128 
128 
128 
128 
128 
128 
128 
128 
128 
128 
128 
128 
128 
128 
128 
128 
128 
128 
128 
128 
128 
128 
128 
128 
128 
128 
128 
128 
128 
128 
128 
128 
128 
128 
128 
128 
128 
128 
128 
128 
128 
128 
128 
128 
128 
128 
128 
128 
128 
128 
128 
128 
128 
128 
128 
128 
128 
128 
128 
128 
128 
128 
128 
128 
128 
128 
128 
128 
128 
128 
128 
128 
128 
128 
128 
128 
128 
128 
128 
128 
128 
128 
128 
128 
128 
128 
128 
128 
128 
128 
128 
128 
128 
128 
128 
128 
128 
128 
128 
128 
128 
128 
128 
128 
128 
128 
128 
128 
128 
128 
128 
128 
128 
128 
128 
128 
128 
128 
128 
128 
128 
128 
128 
128 
128 
128 
128 
128 
128 
128 
128 
128 
128 
128 
128 
128 
128 
128 
128 
128 
128 
128 
128 
128 
128 
128 
128 
128 
128 
128 
128 
128 
128 
128 
128 
128 
128 
128 
128 
128 
128 
128 
128 
128 
128 
128 
128 
128 
128 
128 
128 
128 
128 
128 
128 
128 
128 
128 
128 
128 
128 
128 
128 
128 
128 
128 
128 
128 
128 
128 
128 
128 
128 
128 
128 
128 
128 
128 
128 
128 
128 
128 
128 
128 
128 
128 
128 
128 
128 
128 
128 
128 
128 
128 
128 
128 
128 
128 
128 
128 
128 
128 
128 
128 
128 
128 
128 
128 
128 
128 
128 
128 
128 
128 
128 
128 
128 
128 
128 
128 
128 
128 
128 
128 
128 
128 
128 
128 
128 
128 
128 
128 
128 
128 
128 
128 
128 
128 
128 
128 
128 
128 
128 
128 
128 
128 
128 
128 
128 
128 
128 
128 
128 
128 
128 
128 
128 
128 
128 
128 
128 
128 
128 
128 
128 
128 
128 
128 
128 
128 
128 
128 
128 
128 
128 
128 
128 
128 
128 
128 
128 
128 
128 
128 
128 
128 
128 
128 
128 
128 
128 
128 
128 
128 
128 
128 
128 
128 
128 
128 
128 
128 
128 
128 
128 
128 
128 
128 
128 
128 
128 
128 
128 
128 
128 
128 
128 
128 
128 
128 
128 
128 
128 
128 
128 
128 
128 
128 
128 
128 
128 
128 
128 
128 
128 
128 
128 
128 
128 
128 
128 
128 
128 
128 
128 
128 
128 
128 
128 
128 
128 
128 
128 
128 
128 
128 
128 
128 
128 
128 
128 
128 
128 
128 
128 
128 
128 
128 
128 
128 
128 
128 
128 
128 
128 
128 
128 
128 
128 
128 
128 
128 
128 
128 
128 
128 
128 
128 
128 
128 
128 
128 
128 
128 
128 
128 
128 
128 
128 
128 
128 
128 
128 
128 
128 
128 
128 
128 
128 
128 
128 
128 
128 
128 
128 
128 
128 
128 
128 
128 
128 
128 
128 
128 
128 
128 
128 
128 
128 
128 
128 
128 
128 
128 
128 
128 
128 
128 
128 
128 
128 
128 
128 
128 
128 
128 
128 
128 
128 
128 
128 
128 
128 
128 
128 
128 
128 
128 
128 
128 
128 
128 
128 
128 
128 
128 
128 
128 
128 
128 
128 
128 
128 
128 
