202 
 58 
 85 
128 
 85 
235 
 61 
206 
 55 
166 
 61 
166 
 98 
 31 
 96 
 52 
 57 
200 
129 
 58 
203 
163 
 77 
 72 
 98 
208 
102 
 91 
 64 
 50 
147 
150 
142 
 74 
216 
191 
 73 
142 
179 
120 
 84 
190 
 46 
 81 
115 
157 
 78 
179 
142 
143 
 80 
 88 
 74 
 88 
118 
 76 
127 
 88 
134 
 72 
182 
132 
 73 
177 
212 
137 
 84 
 56 
194 
 71 
 68 
151 
 89 
144 
199 
 67 
120 
165 
115 
169 
 78 
132 
183 
218 
180 
114 
125 
 68 
179 
181 
 28 
 82 
 91 
166 
178 
131 
122 
176 
244 
 80 
114 
162 
 83 
 32 
154 
149 
 80 
209 
 80 
120 
137 
 69 
147 
 31 
197 
 51 
184 
182 
 96 
 19 
203 
102 
 14 
150 
210 
 22 
156 
173 
 76 
113 
 13 
 76 
103 
111 
203 
109 
187 
130 
121 
 97 
150 
167 
168 
109 
108 
 42 
126 
111 
172 
199 
 91 
 58 
181 
163 
145 
175 
171 
173 
 93 
164 
140 
105 
 90 
140 
 62 
 81 
190 
156 
182 
 41 
162 
 66 
 82 
193 
150 
 93 
 96 
 85 
180 
 76 
165 
228 
125 
160 
167 
109 
127 
158 
162 
157 
163 
 63 
140 
215 
 61 
 76 
131 
 67 
123 
 32 
198 
196 
186 
 76 
240 
145 
130 
 64 
172 
132 
158 
168 
 56 
 88 
169 
181 
 71 
 81 
111 
 76 
 71 
 93 
 60 
 85 
116 
193 
 77 
190 
208 
 21 
184 
 91 
213 
249 
146 
140 
 47 
146 
122 
 70 
175 
142 
117 
140 
169 
168 
 87 
120 
128 
 78 
146 
177 
 62 
123 
151 
192 
125 
132 
 84 
193 
188 
102 
164 
146 
 49 
122 
149 
166 
108 
170 
154 
167 
 98 
191 
 69 
167 
102 
190 
181 
102 
164 
 40 
 63 
108 
145 
145 
 10 
103 
 43 
135 
 85 
119 
 21 
128 
158 
205 
 74 
227 
102 
 99 
 83 
131 
 33 
121 
131 
228 
 70 
163 
 60 
161 
165 
128 
145 
 27 
 83 
106 
226 
189 
134 
144 
202 
 57 
 84 
128 
 84 
236 
 60 
207 
 54 
167 
 61 
167 
 97 
 30 
 96 
 51 
 56 
201 
129 
 57 
203 
164 
 76 
 72 
 97 
209 
102 
 90 
 63 
 49 
148 
150 
142 
 75 
215 
190 
 73 
141 
179 
120 
 84 
189 
 47 
 82 
115 
157 
 79 
178 
142 
143 
 81 
 88 
 75 
 88 
118 
 76 
127 
 89 
134 
 72 
181 
132 
 74 
176 
212 
137 
 84 
 56 
194 
 71 
 68 
151 
 89 
144 
199 
 67 
120 
165 
115 
169 
 78 
132 
183 
218 
180 
114 
125 
 69 
179 
181 
 28 
 82 
 91 
166 
178 
131 
122 
175 
243 
 82 
114 
161 
 84 
 33 
153 
149 
 81 
208 
 81 
120 
137 
 70 
147 
 33 
196 
 53 
183 
181 
 97 
 20 
201 
103 
 15 
150 
208 
 23 
155 
172 
 76 
113 
 13 
 76 
103 
111 
204 
109 
188 
130 
121 
 96 
151 
168 
168 
109 
108 
 41 
126 
111 
173 
199 
 91 
 57 
182 
164 
145 
175 
172 
174 
 92 
164 
140 
106 
 91 
140 
 64 
 82 
188 
155 
181 
 43 
161 
 68 
 83 
192 
149 
 94 
 97 
 87 
179 
 77 
164 
226 
125 
159 
166 
109 
127 
157 
161 
157 
162 
 65 
140 
213 
 63 
 77 
131 
 69 
123 
 34 
196 
195 
184 
 77 
238 
144 
130 
 66 
171 
132 
157 
167 
 58 
 89 
168 
180 
 72 
 83 
111 
 77 
 72 
 94 
 62 
 86 
117 
190 
 80 
187 
204 
 24 
181 
 94 
209 
247 
145 
139 
 51 
145 
122 
 73 
172 
141 
117 
139 
167 
166 
 89 
120 
128 
 81 
144 
174 
 66 
124 
149 
188 
125 
132 
 85 
191 
187 
102 
163 
145 
 51 
123 
149 
165 
108 
169 
153 
166 
 99 
190 
 71 
165 
103 
189 
180 
103 
163 
 42 
 64 
109 
144 
145 
 11 
104 
 42 
135 
 85 
119 
 21 
128 
158 
205 
 73 
227 
102 
 99 
 82 
131 
 32 
121 
131 
229 
 70 
163 
 60 
161 
165 
128 
145 
 27 
 83 
106 
226 
189 
134 
144 
202 
 58 
 85 
128 
 85 
235 
 61 
206 
 55 
166 
 61 
167 
 98 
 31 
 96 
 52 
 57 
200 
129 
 58 
203 
164 
 77 
 72 
 98 
208 
102 
 90 
 64 
 50 
147 
150 
142 
 74 
216 
191 
 73 
142 
179 
120 
 83 
190 
 46 
 81 
115 
157 
 78 
179 
142 
143 
 80 
 88 
 74 
 88 
118 
 75 
127 
 88 
134 
 72 
182 
132 
 73 
177 
212 
137 
 84 
 56 
194 
 71 
 68 
151 
 89 
144 
199 
 68 
120 
165 
115 
169 
 78 
132 
183 
218 
180 
114 
125 
 69 
179 
181 
 28 
 82 
 91 
166 
178 
131 
122 
175 
243 
 82 
114 
161 
 84 
 33 
153 
149 
 80 
208 
 81 
120 
137 
 70 
147 
 32 
196 
 52 
183 
181 
 97 
 20 
202 
103 
 15 
150 
208 
 23 
155 
172 
 76 
113 
 13 
 76 
103 
111 
204 
109 
188 
130 
121 
 96 
150 
168 
168 
109 
108 
 41 
126 
111 
173 
199 
 91 
 58 
182 
163 
145 
175 
172 
173 
 92 
164 
140 
106 
 92 
139 
 65 
 82 
188 
155 
181 
 44 
161 
 68 
 83 
191 
149 
 94 
 97 
 87 
179 
 77 
163 
226 
125 
158 
166 
110 
127 
157 
161 
156 
162 
 65 
140 
213 
 63 
 77 
131 
 68 
123 
 33 
196 
195 
184 
 77 
238 
144 
130 
 65 
171 
132 
157 
167 
 58 
 88 
168 
180 
 72 
 82 
111 
 77 
 72 
 94 
 61 
 86 
117 
190 
 80 
187 
205 
 24 
182 
 93 
209 
248 
145 
139 
 50 
145 
122 
 73 
172 
141 
117 
139 
167 
166 
 89 
121 
128 
 80 
144 
174 
 65 
124 
149 
188 
125 
132 
 85 
192 
187 
102 
164 
146 
 50 
123 
149 
166 
108 
169 
153 
166 
 98 
191 
 70 
166 
102 
189 
180 
102 
164 
 41 
 63 
109 
144 
145 
 10 
103 
 43 
135 
 85 
119 
 21 
128 
158 
205 
 74 
227 
103 
 99 
 82 
131 
 33 
121 
131 
229 
 70 
163 
 60 
161 
165 
128 
145 
 27 
 83 
106 
226 
189 
134 
144 
202 
 58 
 84 
128 
 84 
235 
 60 
206 
 55 
166 
 61 
167 
 98 
 31 
 96 
 51 
 56 
201 
129 
 57 
203 
163 
 76 
 72 
 97 
208 
102 
 90 
 63 
 49 
148 
150 
143 
 72 
219 
193 
 70 
142 
181 
119 
 81 
192 
 43 
 79 
114 
159 
 76 
181 
142 
145 
 79 
 85 
 71 
 87 
117 
 74 
128 
 87 
135 
 69 
184 
132 
 71 
179 
214 
137 
 83 
 54 
196 
 70 
 66 
152 
 88 
145 
201 
 66 
119 
166 
115 
169 
 76 
132 
185 
220 
181 
114 
125 
 67 
180 
183 
 26 
 81 
 90 
167 
179 
132 
122 
175 
243 
 81 
114 
161 
 83 
 33 
154 
149 
 81 
208 
 81 
120 
138 
 70 
146 
 32 
196 
 52 
183 
181 
 96 
 20 
202 
102 
 15 
150 
209 
 23 
155 
172 
 75 
113 
 11 
 75 
102 
111 
206 
109 
189 
130 
121 
 96 
152 
169 
169 
109 
107 
 39 
126 
110 
174 
201 
 89 
 55 
184 
165 
146 
177 
173 
176 
 90 
166 
140 
106 
 91 
140 
 64 
 81 
188 
155 
181 
 43 
161 
 68 
 82 
192 
150 
 94 
 96 
 87 
180 
 77 
164 
226 
125 
159 
166 
110 
128 
158 
161 
156 
162 
 65 
140 
214 
 63 
 77 
131 
 68 
122 
 33 
196 
195 
185 
 77 
239 
144 
130 
 66 
172 
133 
158 
167 
 58 
 88 
168 
181 
 72 
 82 
111 
 78 
 72 
 94 
 61 
 87 
116 
192 
 78 
189 
207 
 22 
184 
 93 
211 
249 
146 
139 
 48 
145 
122 
 71 
174 
141 
117 
139 
168 
168 
 88 
120 
128 
 79 
145 
176 
 63 
124 
150 
190 
125 
133 
 84 
191 
187 
102 
164 
145 
 50 
122 
149 
166 
109 
169 
153 
166 
 99 
190 
 70 
166 
102 
189 
181 
102 
164 
 41 
 64 
109 
144 
145 
 11 
104 
 40 
136 
 84 
118 
 19 
128 
159 
207 
 72 
230 
102 
 98 
 81 
132 
 31 
121 
132 
231 
 69 
165 
 58 
162 
167 
129 
145 
 25 
 82 
105 
228 
190 
134 
145 
200 
 59 
 87 
128 
 87 
234 
 62 
205 
 57 
164 
 62 
166 
 97 
 32 
 97 
 54 
 59 
198 
128 
 59 
201 
162 
 78 
 74 
 97 
206 
102 
 91 
 64 
 52 
146 
151 
146 
 63 
228 
203 
 61 
146 
190 
118 
 73 
201 
 33 
 70 
112 
163 
 68 
190 
146 
146 
 70 
 78 
 63 
 81 
115 
 65 
128 
 81 
137 
 61 
192 
134 
 63 
187 
213 
137 
 84 
 55 
194 
 70 
 68 
151 
 89 
144 
200 
 68 
120 
164 
116 
168 
 78 
132 
183 
218 
181 
113 
125 
 68 
179 
181 
 28 
 82 
 91 
166 
179 
130 
123 
177 
245 
 80 
113 
162 
 82 
 30 
155 
151 
 78 
211 
 80 
120 
137 
 68 
148 
 30 
198 
 50 
185 
183 
 95 
 18 
203 
102 
 13 
151 
211 
 21 
158 
175 
 76 
113 
 13 
 76 
102 
111 
205 
109 
189 
130 
120 
 95 
151 
168 
168 
109 
109 
 41 
125 
111 
173 
200 
 91 
 57 
183 
164 
146 
175 
173 
175 
 93 
164 
139 
104 
 91 
139 
 62 
 80 
191 
158 
183 
 41 
162 
 66 
 80 
194 
151 
 93 
 95 
 84 
181 
 74 
166 
229 
125 
160 
168 
109 
128 
160 
162 
158 
164 
 62 
142 
215 
 61 
 76 
130 
 66 
123 
 32 
198 
198 
187 
 76 
241 
144 
130 
 64 
173 
132 
158 
168 
 55 
 87 
171 
183 
 70 
 80 
111 
 76 
 70 
 93 
 59 
 84 
116 
194 
 76 
191 
210 
 20 
185 
 91 
214 
250 
146 
139 
 45 
146 
123 
 70 
175 
142 
116 
139 
171 
168 
 87 
120 
128 
 76 
146 
177 
 61 
123 
151 
193 
125 
132 
 82 
193 
189 
102 
164 
146 
 49 
123 
151 
166 
107 
171 
153 
168 
 97 
193 
 68 
166 
102 
191 
183 
102 
164 
 38 
 62 
109 
146 
146 
  9 
102 
 42 
135 
 84 
118 
 21 
128 
158 
205 
 74 
228 
102 
100 
 82 
132 
 32 
120 
132 
229 
 70 
164 
 59 
162 
166 
128 
144 
 27 
 82 
107 
227 
189 
135 
144 
128 
128 
128 
128 
128 
128 
128 
128 
128 
128 
128 
128 
128 
128 
128 
128 
128 
128 
128 
128 
128 
128 
128 
128 
128 
128 
128 
128 
128 
128 
128 
128 
128 
128 
128 
128 
128 
128 
128 
128 
128 
128 
128 
128 
128 
128 
128 
128 
128 
128 
128 
128 
128 
128 
128 
128 
128 
128 
128 
128 
128 
128 
128 
128 
128 
128 
128 
128 
128 
128 
128 
128 
128 
128 
128 
128 
128 
128 
128 
128 
128 
128 
128 
128 
128 
128 
128 
128 
128 
128 
128 
128 
128 
128 
128 
128 
128 
128 
128 
128 
128 
128 
128 
128 
128 
128 
128 
128 
128 
128 
128 
128 
128 
128 
128 
128 
128 
128 
128 
128 
128 
128 
128 
128 
128 
128 
128 
128 
128 
128 
128 
128 
128 
128 
128 
128 
128 
128 
128 
128 
128 
128 
128 
128 
128 
128 
128 
128 
128 
128 
128 
128 
128 
128 
128 
128 
128 
128 
128 
128 
128 
128 
128 
128 
128 
128 
128 
128 
128 
128 
128 
128 
128 
128 
128 
128 
128 
128 
128 
128 
128 
128 
128 
128 
128 
128 
128 
128 
128 
128 
128 
128 
128 
128 
128 
128 
128 
128 
128 
128 
128 
128 
128 
128 
128 
128 
128 
128 
128 
128 
128 
128 
128 
128 
128 
128 
128 
128 
128 
128 
128 
128 
128 
128 
128 
128 
128 
128 
128 
128 
128 
128 
128 
128 
128 
128 
128 
128 
128 
128 
128 
128 
128 
128 
128 
128 
128 
128 
128 
128 
128 
128 
128 
128 
128 
128 
128 
128 
128 
128 
128 
128 
128 
128 
128 
128 
128 
128 
128 
128 
128 
128 
128 
128 
128 
128 
128 
128 
128 
128 
128 
128 
128 
128 
128 
128 
128 
128 
128 
128 
128 
128 
128 
128 
128 
128 
128 
128 
128 
128 
128 
128 
128 
128 
128 
128 
128 
128 
128 
128 
128 
128 
128 
128 
128 
128 
128 
128 
128 
128 
128 
128 
128 
128 
128 
128 
128 
128 
128 
128 
128 
128 
128 
128 
128 
128 
128 
128 
128 
128 
128 
128 
128 
128 
128 
128 
128 
128 
128 
128 
128 
128 
128 
128 
128 
128 
128 
128 
128 
128 
128 
128 
128 
128 
128 
128 
128 
128 
128 
128 
128 
128 
128 
128 
128 
128 
128 
128 
128 
128 
128 
128 
128 
128 
128 
128 
128 
128 
128 
128 
128 
128 
128 
128 
128 
128 
128 
128 
128 
128 
128 
128 
128 
128 
128 
128 
128 
128 
128 
128 
128 
128 
128 
128 
128 
128 
128 
128 
128 
128 
128 
128 
128 
128 
128 
128 
128 
128 
128 
128 
128 
128 
128 
128 
128 
128 
128 
128 
128 
128 
128 
128 
128 
128 
128 
128 
128 
128 
128 
128 
128 
128 
128 
128 
128 
128 
128 
128 
128 
128 
128 
128 
128 
128 
128 
128 
128 
128 
128 
128 
128 
128 
128 
128 
128 
128 
128 
128 
128 
128 
128 
128 
128 
128 
128 
128 
128 
128 
128 
128 
128 
128 
128 
128 
128 
128 
128 
128 
128 
128 
128 
128 
128 
128 
128 
128 
128 
128 
128 
128 
128 
128 
128 
128 
128 
128 
128 
128 
128 
128 
128 
128 
128 
128 
128 
128 
128 
128 
128 
128 
128 
128 
128 
128 
128 
128 
128 
128 
128 
128 
128 
128 
128 
128 
128 
128 
128 
128 
128 
128 
128 
128 
128 
128 
128 
128 
128 
128 
128 
128 
128 
128 
128 
128 
128 
128 
128 
128 
128 
128 
128 
128 
128 
128 
128 
128 
128 
128 
128 
128 
128 
128 
128 
128 
128 
128 
128 
128 
128 
128 
128 
128 
128 
128 
128 
128 
128 
128 
128 
128 
128 
128 
128 
128 
128 
128 
128 
128 
128 
128 
128 
128 
128 
128 
128 
128 
128 
128 
128 
128 
128 
128 
128 
128 
128 
128 
128 
128 
128 
128 
128 
128 
128 
128 
128 
128 
128 
128 
128 
128 
128 
128 
128 
128 
128 
128 
128 
128 
128 
128 
128 
128 
128 
128 
128 
128 
128 
128 
128 
128 
128 
128 
128 
128 
128 
128 
128 
128 
128 
128 
128 
128 
128 
128 
128 
128 
128 
128 
128 
128 
128 
128 
128 
128 
128 
128 
128 
128 
128 
128 
128 
128 
128 
128 
128 
128 
128 
128 
128 
128 
128 
128 
128 
128 
128 
128 
128 
128 
128 
128 
128 
128 
128 
128 
128 
128 
128 
128 
128 
128 
128 
128 
128 
128 
128 
128 
128 
128 
128 
128 
128 
128 
128 
128 
128 
128 
128 
128 
128 
128 
128 
128 
128 
128 
128 
128 
128 
128 
128 
128 
128 
128 
128 
128 
128 
128 
128 
128 
128 
128 
128 
128 
128 
128 
128 
128 
128 
128 
128 
128 
128 
128 
128 
128 
128 
128 
128 
128 
128 
128 
128 
128 
128 
128 
128 
128 
128 
128 
128 
128 
128 
128 
128 
128 
128 
128 
128 
128 
128 
128 
128 
128 
128 
128 
128 
128 
128 
128 
128 
128 
128 
128 
128 
128 
128 
128 
128 
128 
128 
128 
128 
128 
128 
128 
128 
128 
128 
128 
128 
128 
128 
128 
128 
128 
128 
128 
128 
128 
128 
128 
128 
128 
128 
128 
128 
128 
128 
128 
128 
128 
128 
128 
128 
128 
128 
128 
128 
128 
128 
128 
128 
128 
128 
128 
128 
128 
128 
128 
128 
128 
128 
128 
128 
128 
128 
128 
128 
128 
128 
128 
128 
128 
128 
128 
128 
128 
128 
128 
128 
128 
128 
128 
128 
128 
128 
128 
128 
128 
128 
128 
128 
128 
128 
128 
128 
128 
128 
128 
128 
128 
128 
128 
128 
128 
128 
128 
128 
128 
128 
128 
128 
128 
128 
128 
128 
128 
128 
128 
128 
128 
128 
128 
128 
128 
128 
128 
128 
128 
128 
128 
128 
128 
128 
128 
128 
128 
128 
128 
128 
128 
128 
128 
128 
128 
128 
128 
128 
128 
128 
128 
128 
128 
128 
128 
128 
128 
128 
128 
128 
128 
128 
128 
128 
128 
128 
128 
128 
128 
128 
128 
128 
128 
128 
128 
128 
128 
128 
128 
128 
128 
128 
128 
128 
128 
128 
128 
128 
128 
128 
128 
128 
128 
128 
128 
128 
128 
128 
128 
128 
128 
128 
128 
128 
128 
128 
128 
128 
