 50 
 50 
 52 
 50 
 52 
 52 
 48 
 50 
 51 
 53 
 52 
 51 
 53 
 49 
 51 
 52 
 52 
 47 
 51 
 48 
 51 
 54 
 48 
 48 
 52 
 51 
 50 
 50 
 53 
 54 
 50 
 49 
 50 
 51 
 54 
 53 
 50 
 49 
 52 
 50 
 37 
 37 
 39 
 37 
 38 
 39 
 35 
 37 
 37 
 39 
 39 
 38 
 39 
 36 
 38 
 38 
 38 
 35 
 38 
 35 
 37 
 41 
 36 
 35 
 39 
 38 
 37 
 36 
 39 
 41 
 37 
 36 
 37 
 38 
 41 
 39 
 37 
 36 
 38 
 37 
 23 
 23 
 31 
 23 
 31 
 31 
 23 
 23 
 24 
 31 
 31 
 24 
 31 
 23 
 24 
 31 
 31 
 23 
 24 
 23 
 24 
 31 
 23 
 23 
 31 
 24 
 23 
 23 
 31 
 31 
 23 
 23 
 23 
 24 
 31 
 31 
 23 
 23 
 31 
 23 
 15 
 15 
 15 
 15 
 15 
 15 
  8 
 15 
 15 
 15 
 15 
 15 
 15 
 15 
 15 
 15 
 15 
  8 
 15 
  8 
 15 
 15 
 15 
  8 
 15 
 15 
 15 
 15 
 15 
 15 
 15 
 15 
 15 
 15 
 15 
 15 
 15 
 15 
 15 
 15 
  7 
  7 
  7 
  7 
  7 
  7 
  7 
  7 
  7 
  7 
  7 
  7 
  7 
  7 
  7 
  7 
  7 
  7 
  7 
  7 
  7 
  7 
  7 
  7 
  7 
  7 
  7 
  7 
  7 
  7 
  7 
  7 
  7 
  7 
  8 
  7 
  7 
  7 
  7 
  7 
