31 
69 
24 
12 
5 
64 
40 
57 
20 
37 
28 
56 
13 
0 
13 
22 
52 
37 
33 
25 
26 
121 
5 
3 
40 
61 
12 
17 
32 
74 
27 
49 
31 
67 
56 
6 
8 
33 
16 
57 
14 
60 
21 
86 
51 
33 
120 
22 
40 
25 
1 
29 
55 
101 
67 
25 
108 
27 
43 
66 
86 
71 
5 
70 
77 
55 
31 
69 
16 
57 
42 
1 
1 
0 
8 
54 
97 
54 
71 
47 
47 
60 
19 
15 
35 
26 
73 
17 
33 
38 
126 
16 
35 
42 
10 
29 
11 
25 
9 
64 
19 
77 
80 
25 
72 
21 
33 
52 
29 
32 
49 
49 
20 
58 
6 
58 
19 
73 
34 
26 
27 
16 
82 
25 
89 
19 
4 
23 
7 
10 
7 
51 
18 
39 
31 
11 
62 
72 
24 
41 
29 
47 
14 
8 
13 
40 
1 
32 
8 
9 
42 
30 
59 
38 
86 
44 
14 
5 
10 
27 
34 
31 
16 
10 
42 
46 
27 
14 
72 
64 
56 
16 
40 
33 
74 
30 
25 
8 
46 
21 
77 
21 
36 
31 
19 
36 
1 
67 
46 
37 
17 
7 
4 
13 
23 
17 
28 
15 
51 
22 
18 
46 
9 
92 
71 
39 
36 
57 
102 
53 
25 
17 
36 
38 
11 
83 
105 
9 
72 
84 
19 
52 
102 
31 
76 
0 
104 
3 
25 
33 
27 
26 
51 
5 
5 
73 
50 
48 
78 
24 
75 
47 
2 
51 
40 
3 
22 
14 
65 
47 
15 
47 
22 
42 
2 
37 
56 
78 
47 
40 
69 
7 
45 
28 
33 
35 
7 
41 
10 
63 
52 
8 
12 
57 
19 
18 
26 
47 
85 
44 
26 
51 
60 
30 
62 
19 
89 
38 
48 
26 
10 
14 
0 
11 
21 
18 
45 
52 
89 
88 
10 
43 
72 
38 
43 
5 
17 
10 
46 
25 
21 
12 
49 
8 
8 
91 
1 
28 
30 
32 
44 
38 
76 
124 
7 
3 
35 
21 
4 
43 
0 
25 
40 
79 
23 
0 
28 
40 
91 
26 
45 
10 
79 
33 
68 
1 
51 
87 
39 
46 
6 
54 
20 
43 
56 
46 
5 
45 
16 
7 
73 
100 
53 
44 
35 
37 
124 
44 
25 
29 
34 
1 
23 
32 
49 
41 
11 
42 
46 
14 
3 
2 
22 
85 
23 
3 
38 
10 
2 
34 
53 
10 
30 
117 
10 
31 
23 
33 
4 
58 
28 
9 
2 
45 
55 
23 
12 
20 
62 
31 
13 
5 
68 
79 
47 
9 
50 
25 
95 
16 
8 
21 
29 
67 
49 
47 
1 
14 
45 
89 
103 
54 
5 
47 
42 
53 
40 
7 
18 
33 
47 
9 
32 
2 
126 
59 
32 
83 
24 
16 
76 
39 
54 
96 
19 
39 
18 
62 
52 
80 
117 
69 
27 
50 
8 
49 
40 
20 
24 
46 
74 
47 
67 
26 
19 
127 
42 
119 
20 
71 
94 
62 
21 
36 
16 
19 
29 
17 
89 
121 
34 
15 
18 
17 
73 
2 
33 
70 
24 
50 
78 
103 
35 
28 
0 
21 
4 
43 
68 
35 
23 
9 
99 
40 
3 
8 
8 
10 
42 
87 
36 
123 
3 
23 
10 
40 
0 
44 
1 
18 
55 
44 
26 
12 
57 
35 
111 
63 
87 
5 
1 
13 
11 
65 
74 
69 
67 
50 
67 
2 
35 
0 
105 
7 
28 
16 
37 
34 
23 
41 
117 
25 
20 
33 
116 
44 
7 
43 
66 
45 
59 
65 
48 
20 
16 
11 
88 
15 
47 
52 
9 
80 
72 
43 
49 
1 
25 
20 
21 
13 
5 
36 
28 
37 
4 
81 
49 
63 
15 
5 
50 
30 
3 
86 
104 
61 
30 
44 
52 
57 
1 
11 
2 
37 
36 
1 
94 
18 
11 
30 
8 
50 
12 
8 
54 
46 
49 
13 
113 
48 
95 
20 
33 
36 
48 
2 
36 
38 
84 
88 
73 
10 
12 
110 
0 
18 
1 
48 
22 
30 
58 
25 
19 
10 
8 
43 
4 
57 
16 
58 
54 
39 
28 
27 
43 
54 
24 
25 
27 
23 
39 
97 
62 
35 
23 
57 
36 
61 
36 
85 
15 
21 
73 
113 
11 
39 
0 
16 
4 
28 
5 
53 
1 
43 
40 
3 
8 
13 
19 
45 
42 
21 
22 
57 
60 
32 
5 
36 
98 
44 
32 
95 
47 
56 
25 
76 
23 
55 
0 
35 
14 
38 
79 
28 
3 
127 
40 
27 
94 
2 
79 
36 
126 
33 
121 
73 
21 
41 
87 
33 
59 
18 
84 
53 
112 
0 
102 
78 
85 
31 
102 
21 
70 
35 
37 
29 
103 
30 
19 
63 
6 
37 
6 
61 
122 
70 
55 
55 
20 
9 
24 
67 
99 
76 
3 
43 
27 
53 
53 
18 
72 
40 
44 
62 
4 
2 
22 
66 
5 
48 
68 
46 
24 
3 
125 
46 
26 
87 
9 
50 
1 
62 
17 
17 
43 
61 
65 
18 
43 
50 
45 
30 
13 
44 
14 
73 
8 
127 
29 
0 
33 
13 
6 
18 
66 
1 
114 
81 
56 
55 
27 
39 
46 
40 
48 
48 
2 
4 
98 
31 
3 
27 
24 
56 
32 
36 
49 
100 
53 
69 
22 
25 
22 
36 
14 
24 
27 
38 
32 
38 
31 
49 
72 
41 
52 
52 
20 
5 
54 
42 
17 
0 
18 
14 
72 
28 
16 
47 
36 
67 
59 
53 
63 
42 
34 
30 
22 
35 
21 
64 
41 
45 
112 
38 
68 
22 
36 
7 
40 
40 
57 
48 
39 
16 
42 
36 
57 
17 
38 
45 
122 
1 
14 
62 
33 
5 
36 
95 
21 
72 
3 
41 
7 
20 
31 
25 
26 
15 
51 
60 
66 
33 
19 
122 
9 
26 
89 
11 
4 
29 
8 
7 
6 
13 
64 
55 
24 
23 
23 
11 
23 
44 
74 
3 
5 
23 
40 
37 
30 
4 
2 
43 
48 
27 
41 
12 
71 
48 
48 
9 
4 
24 
13 
10 
60 
4 
24 
37 
10 
21 
9 
37 
25 
79 
16 
36 
10 
40 
91 
6 
117 
6 
99 
0 
46 
31 
93 
49 
18 
90 
50 
17 
41 
10 
69 
48 
69 
20 
105 
67 
0 
19 
37 
3 
82 
23 
15 
22 
16 
12 
57 
65 
3 
68 
126 
2 
32 
22 
101 
4 
84 
32 
30 
39 
89 
64 
8 
62 
28 
36 
26 
57 
8 
49 
53 
23 
9 
64 
92 
33 
32 
31 
102 
16 
39 
12 
82 
71 
41 
31 
44 
4 
107 
6 
117 
18 
19 
55 
71 
32 
64 
68 
34 
16 
36 
58 
52 
35 
35 
7 
9 
21 
49 
72 
3 
33 
57 
4 
33 
18 
58 
31 
47 
42 
16 
7 
43 
38 
62 
6 
39 
24 
21 
3 
26 
15 
51 
18 
52 
41 
34 
27 
13 
34 
107 
41 
55 
15 
20 
60 
25 
25 
2 
1 
3 
69 
9 
18 
31 
47 
19 
59 
54 
13 
24 
1 
15 
11 
58 
24 
3 
12 
1 
53 
52 
120 
38 
33 
57 
16 
37 
8 
34 
85 
25 
20 
65 
6 
42 
4 
83 
38 
52 
2 
38 
7 
5 
41 
70 
122 
20 
19 
81 
0 
26 
78 
5 
27 
4 
49 
46 
75 
73 
14 
38 
53 
123 
9 
0 
118 
78 
38 
71 
23 
65 
125 
3 
26 
32 
45 
97 
43 
45 
41 
5 
3 
9 
41 
11 
108 
0 
71 
33 
6 
89 
97 
46 
2 
7 
8 
5 
94 
62 
69 
0 
44 
69 
39 
28 
27 
12 
62 
53 
54 
121 
31 
31 
25 
3 
83 
22 
28 
59 
8 
10 
0 
47 
75 
2 
15 
55 
76 
21 
110 
36 
12 
6 
40 
26 
54 
0 
19 
24 
104 
95 
107 
21 
59 
56 
57 
6 
120 
33 
5 
25 
117 
28 
14 
14 
76 
31 
68 
23 
12 
4 
62 
39 
55 
20 
36 
27 
55 
13 
0 
13 
21 
50 
36 
32 
24 
25 
117 
5 
3 
38 
59 
12 
17 
31 
72 
27 
48 
30 
66 
54 
5 
8 
32 
15 
55 
13 
59 
20 
83 
50 
33 
117 
22 
39 
24 
1 
28 
53 
98 
65 
25 
105 
26 
42 
64 
84 
69 
5 
68 
71 
51 
28 
63 
15 
53 
38 
1 
1 
0 
8 
49 
89 
50 
65 
43 
43 
55 
17 
13 
32 
24 
67 
16 
30 
35 
116 
15 
32 
38 
9 
27 
10 
25 
9 
62 
19 
75 
77 
24 
70 
21 
32 
50 
28 
31 
48 
48 
19 
56 
6 
57 
19 
72 
33 
25 
27 
16 
79 
25 
87 
18 
4 
23 
7 
10 
8 
53 
19 
40 
32 
11 
65 
74 
25 
42 
30 
49 
14 
9 
14 
41 
1 
33 
9 
10 
44 
31 
61 
39 
89 
45 
14 
5 
10 
28 
31 
29 
15 
9 
38 
42 
25 
13 
67 
59 
51 
14 
37 
31 
68 
28 
23 
8 
43 
19 
71 
19 
33 
28 
17 
33 
1 
61 
42 
34 
16 
7 
4 
14 
23 
17 
28 
15 
52 
23 
18 
47 
9 
93 
72 
39 
36 
58 
103 
54 
25 
17 
37 
39 
11 
85 
106 
9 
73 
85 
19 
52 
103 
32 
74 
0 
101 
3 
24 
32 
26 
26 
50 
5 
5 
72 
48 
47 
75 
23 
73 
46 
2 
50 
39 
3 
22 
14 
63 
46 
15 
45 
22 
41 
2 
36 
59 
82 
50 
42 
73 
8 
47 
29 
35 
37 
7 
43 
10 
66 
55 
9 
13 
60 
20 
19 
28 
50 
90 
46 
28 
54 
63 
31 
66 
20 
94 
41 
48 
26 
10 
14 
0 
11 
22 
18 
46 
53 
90 
89 
10 
43 
72 
39 
43 
5 
17 
10 
47 
25 
21 
12 
50 
8 
8 
92 
1 
28 
30 
32 
40 
35 
70 
114 
6 
2 
32 
19 
3 
40 
0 
23 
37 
73 
21 
0 
26 
37 
83 
24 
42 
9 
73 
31 
63 
1 
46 
80 
36 
42 
6 
49 
19 
41 
53 
43 
5 
43 
15 
7 
69 
95 
51 
42 
33 
35 
118 
42 
24 
28 
33 
1 
22 
30 
46 
39 
10 
40 
44 
13 
2 
2 
21 
80 
23 
3 
38 
10 
3 
34 
53 
11 
30 
119 
10 
32 
23 
33 
4 
58 
28 
9 
2 
46 
55 
23 
13 
20 
63 
31 
13 
5 
69 
80 
47 
9 
50 
25 
94 
16 
7 
20 
28 
66 
48 
47 
1 
14 
45 
88 
102 
53 
5 
46 
41 
53 
40 
7 
18 
33 
47 
9 
32 
2 
125 
58 
32 
82 
23 
15 
72 
37 
51 
91 
18 
37 
17 
58 
49 
76 
111 
66 
26 
48 
7 
46 
38 
19 
23 
44 
70 
45 
64 
24 
18 
120 
40 
113 
19 
67 
97 
64 
22 
38 
17 
19 
31 
18 
92 
125 
35 
15 
19 
17 
75 
2 
34 
72 
25 
52 
80 
107 
36 
29 
0 
22 
5 
44 
70 
36 
24 
9 
103 
41 
3 
8 
8 
11 
43 
90 
37 
127 
3 
24 
10 
41 
0 
46 
1 
19 
57 
46 
27 
12 
59 
37 
115 
65 
90 
5 
1 
14 
11 
67 
70 
65 
64 
47 
63 
2 
33 
0 
100 
6 
27 
15 
35 
32 
22 
39 
111 
23 
19 
32 
110 
42 
6 
41 
63 
42 
56 
62 
46 
19 
15 
11 
83 
15 
44 
49 
8 
76 
68 
41 
46 
1 
24 
19 
20 
13 
4 
34 
26 
35 
4 
76 
47 
60 
14 
5 
48 
28 
3 
82 
99 
58 
29 
41 
53 
58 
1 
12 
2 
37 
36 
1 
95 
18 
11 
30 
8 
50 
12 
8 
54 
46 
50 
13 
114 
48 
96 
21 
34 
36 
49 
2 
36 
38 
85 
89 
78 
10 
12 
116 
0 
19 
1 
50 
23 
32 
61 
26 
20 
10 
8 
46 
4 
60 
17 
61 
56 
41 
30 
28 
46 
57 
26 
26 
29 
24 
41 
102 
61 
34 
22 
56 
36 
60 
36 
84 
15 
21 
72 
111 
11 
39 
0 
16 
4 
28 
5 
52 
1 
42 
40 
3 
7 
13 
19 
44 
41 
21 
22 
56 
56 
30 
5 
33 
91 
40 
29 
88 
43 
52 
23 
71 
22 
51 
0 
32 
13 
36 
73 
26 
3 
119 
37 
25 
88 
1 
73 
33 
117 
30 
112 
68 
21 
41 
88 
33 
60 
19 
85 
54 
113 
0 
103 
79 
86 
32 
104 
21 
71 
35 
38 
29 
105 
31 
19 
64 
6 
37 
6 
62 
123 
71 
55 
56 
18 
8 
22 
61 
91 
70 
3 
40 
24 
49 
49 
16 
66 
37 
41 
57 
4 
2 
20 
61 
5 
44 
62 
42 
22 
3 
114 
43 
24 
80 
8 
46 
1 
59 
16 
16 
41 
58 
61 
17 
41 
47 
43 
28 
12 
41 
13 
70 
7 
120 
27 
0 
31 
13 
5 
17 
63 
1 
108 
77 
53 
52 
26 
37 
45 
39 
47 
47 
2 
4 
95 
30 
3 
26 
24 
55 
31 
35 
47 
97 
51 
67 
22 
25 
21 
35 
13 
23 
26 
37 
31 
37 
30 
48 
70 
40 
55 
56 
21 
6 
58 
45 
19 
0 
19 
15 
78 
30 
17 
50 
39 
71 
63 
56 
68 
45 
36 
32 
24 
37 
23 
69 
44 
48 
120 
41 
72 
24 
36 
7 
40 
40 
58 
48 
40 
16 
43 
36 
57 
18 
38 
46 
124 
1 
14 
62 
34 
5 
37 
96 
21 
73 
3 
41 
7 
20 
31 
25 
26 
15 
50 
59 
65 
33 
18 
120 
9 
25 
88 
11 
4 
29 
8 
7 
6 
13 
63 
55 
24 
23 
23 
11 
23 
43 
72 
3 
5 
23 
39 
36 
29 
4 
2 
42 
47 
26 
40 
12 
69 
47 
47 
9 
4 
23 
12 
10 
58 
4 
24 
36 
10 
21 
9 
36 
24 
77 
16 
36 
10 
39 
89 
6 
114 
6 
99 
0 
45 
30 
92 
49 
17 
90 
50 
17 
41 
10 
69 
48 
68 
20 
104 
66 
0 
18 
37 
3 
82 
23 
15 
22 
15 
12 
57 
65 
3 
67 
123 
2 
31 
21 
98 
4 
82 
31 
29 
38 
86 
62 
8 
60 
27 
35 
25 
55 
7 
47 
52 
22 
8 
62 
90 
32 
31 
30 
99 
15 
38 
12 
78 
68 
39 
29 
42 
3 
101 
6 
111 
17 
18 
52 
67 
30 
60 
64 
33 
15 
34 
55 
49 
33 
33 
6 
9 
20 
47 
68 
3 
31 
54 
3 
32 
18 
57 
31 
46 
41 
16 
7 
42 
37 
61 
6 
39 
24 
21 
3 
26 
15 
50 
18 
51 
40 
33 
26 
13 
34 
105 
40 
54 
15 
19 
59 
25 
25 
2 
1 
3 
70 
9 
19 
31 
48 
19 
60 
54 
13 
25 
1 
15 
11 
58 
24 
3 
12 
0 
53 
53 
121 
38 
34 
58 
17 
37 
8 
33 
83 
24 
20 
63 
6 
41 
4 
81 
37 
51 
2 
37 
7 
5 
40 
68 
119 
19 
19 
79 
0 
25 
76 
5 
26 
4 
48 
45 
73 
71 
14 
38 
53 
122 
9 
0 
117 
77 
37 
70 
23 
65 
124 
3 
26 
31 
45 
96 
43 
44 
41 
5 
3 
9 
41 
11 
108 
0 
71 
33 
6 
89 
97 
48 
3 
7 
9 
6 
97 
64 
72 
0 
46 
72 
40 
29 
28 
12 
64 
55 
56 
125 
32 
32 
26 
3 
86 
22 
29 
61 
8 
10 
0 
48 
77 
2 
14 
53 
74 
20 
107 
35 
12 
6 
39 
26 
53 
0 
18 
23 
102 
92 
104 
20 
57 
55 
55 
6 
117 
32 
5 
24 
114 
27 
14 
13 
74 
31 
68 
23 
12 
4 
63 
39 
56 
20 
36 
27 
55 
13 
0 
13 
21 
51 
36 
32 
24 
26 
119 
5 
3 
39 
60 
12 
17 
31 
73 
27 
48 
31 
66 
55 
6 
8 
33 
16 
55 
14 
59 
21 
84 
50 
33 
118 
22 
39 
25 
1 
29 
54 
99 
65 
25 
106 
26 
42 
65 
85 
70 
5 
69 
45 
32 
18 
40 
9 
33 
24 
1 
0 
0 
5 
31 
56 
31 
41 
27 
27 
34 
11 
8 
20 
15 
42 
10 
19 
22 
73 
9 
20 
24 
5 
17 
11 
25 
9 
63 
19 
76 
78 
25 
71 
21 
32 
51 
29 
31 
49 
48 
20 
57 
6 
57 
19 
72 
33 
26 
27 
16 
80 
25 
88 
19 
4 
23 
4 
5 
4 
30 
10 
22 
18 
6 
36 
42 
14 
24 
17 
27 
8 
5 
8 
23 
0 
19 
5 
5 
24 
17 
34 
22 
50 
25 
8 
3 
5 
15 
19 
18 
9 
6 
24 
27 
16 
8 
42 
37 
32 
9 
23 
19 
43 
17 
14 
5 
27 
12 
45 
12 
21 
17 
11 
21 
1 
39 
26 
21 
10 
4 
3 
11 
19 
14 
24 
12 
44 
19 
15 
39 
8 
78 
60 
33 
30 
49 
87 
45 
21 
14 
31 
33 
9 
71 
89 
7 
62 
71 
16 
44 
86 
27 
75 
0 
103 
3 
24 
32 
27 
26 
50 
5 
5 
72 
49 
48 
76 
24 
74 
46 
2 
50 
39 
3 
22 
14 
64 
46 
15 
46 
22 
42 
2 
37 
56 
78 
47 
40 
69 
7 
45 
28 
33 
35 
7 
41 
10 
63 
52 
8 
12 
57 
19 
18 
26 
47 
85 
44 
26 
51 
60 
30 
62 
19 
89 
38 
30 
17 
6 
9 
0 
7 
13 
11 
29 
33 
57 
56 
6 
27 
46 
24 
27 
3 
11 
6 
29 
16 
13 
8 
31 
5 
5 
58 
0 
18 
19 
20 
25 
22 
44 
72 
4 
1 
20 
12 
2 
25 
0 
14 
23 
46 
13 
0 
16 
23 
52 
15 
26 
5 
46 
19 
39 
1 
29 
50 
23 
26 
3 
31 
20 
43 
56 
46 
5 
45 
16 
7 
73 
100 
53 
44 
35 
37 
124 
44 
25 
29 
34 
2 
24 
32 
49 
41 
11 
42 
46 
14 
3 
2 
22 
85 
15 
2 
24 
6 
1 
21 
34 
6 
19 
75 
6 
20 
14 
21 
2 
37 
17 
5 
1 
29 
35 
15 
8 
13 
39 
20 
8 
3 
44 
50 
30 
6 
46 
23 
87 
14 
7 
19 
26 
61 
44 
43 
1 
12 
41 
81 
94 
49 
4 
43 
38 
49 
36 
6 
16 
30 
43 
8 
29 
2 
115 
54 
29 
76 
24 
16 
76 
39 
54 
96 
19 
39 
18 
62 
52 
80 
117 
69 
27 
50 
8 
49 
40 
20 
24 
46 
74 
47 
67 
26 
19 
127 
42 
119 
20 
71 
54 
36 
12 
21 
9 
11 
17 
10 
51 
70 
19 
8 
11 
9 
42 
1 
19 
40 
14 
29 
45 
60 
20 
16 
0 
12 
2 
25 
39 
20 
13 
5 
57 
23 
2 
4 
4 
6 
24 
51 
21 
71 
2 
13 
5 
23 
0 
26 
0 
10 
32 
26 
15 
6 
33 
20 
64 
36 
50 
3 
0 
8 
6 
37 
59 
55 
53 
40 
53 
2 
28 
0 
84 
5 
23 
13 
29 
27 
18 
32 
93 
19 
16 
27 
93 
35 
5 
34 
53 
36 
47 
52 
38 
16 
12 
9 
88 
16 
47 
52 
9 
80 
72 
43 
49 
1 
25 
20 
22 
13 
5 
36 
28 
37 
4 
81 
49 
63 
15 
5 
50 
30 
3 
86 
104 
61 
31 
44 
44 
49 
1 
9 
2 
31 
30 
1 
80 
15 
9 
26 
7 
42 
10 
7 
46 
39 
42 
11 
96 
40 
81 
17 
28 
31 
41 
2 
31 
32 
72 
75 
73 
10 
12 
110 
0 
18 
2 
48 
22 
31 
58 
25 
19 
10 
8 
43 
4 
57 
16 
58 
53 
39 
28 
27 
43 
54 
25 
25 
27 
23 
39 
97 
44 
25 
16 
40 
26 
43 
26 
60 
11 
15 
52 
80 
8 
28 
0 
11 
3 
20 
3 
38 
1 
30 
28 
2 
5 
9 
14 
32 
29 
15 
16 
40 
51 
28 
4 
30 
84 
37 
27 
81 
40 
48 
21 
65 
20 
47 
0 
30 
12 
33 
67 
24 
2 
109 
34 
23 
80 
1 
67 
31 
108 
28 
103 
62 
18 
35 
74 
28 
50 
16 
71 
45 
95 
0 
87 
67 
73 
27 
87 
18 
60 
30 
32 
24 
88 
26 
16 
54 
5 
32 
5 
52 
104 
59 
47 
47 
11 
5 
14 
39 
57 
44 
2 
25 
15 
31 
31 
10 
42 
23 
26 
36 
2 
1 
13 
38 
3 
27 
39 
26 
14 
2 
72 
27 
15 
50 
5 
29 
2 
62 
17 
17 
43 
61 
65 
18 
43 
50 
45 
30 
13 
44 
14 
73 
8 
127 
29 
0 
33 
14 
6 
18 
66 
1 
114 
81 
56 
55 
27 
39 
46 
39 
47 
47 
2 
4 
96 
30 
3 
26 
24 
55 
32 
36 
48 
98 
52 
68 
22 
25 
22 
35 
13 
24 
26 
37 
31 
37 
30 
49 
71 
40 
51 
52 
20 
5 
53 
41 
17 
0 
18 
14 
71 
27 
16 
46 
35 
66 
58 
52 
62 
41 
33 
30 
22 
34 
21 
63 
40 
44 
110 
37 
67 
22 
22 
4 
25 
25 
36 
30 
25 
10 
27 
22 
36 
11 
24 
29 
78 
0 
9 
39 
21 
3 
23 
61 
13 
46 
2 
26 
4 
13 
19 
16 
17 
9 
36 
42 
47 
24 
13 
87 
6 
18 
63 
8 
3 
21 
5 
5 
4 
9 
45 
39 
17 
16 
16 
8 
16 
31 
52 
2 
3 
16 
28 
26 
21 
3 
2 
42 
47 
27 
40 
12 
70 
48 
47 
9 
4 
24 
12 
10 
59 
4 
24 
37 
10 
21 
9 
36 
24 
78 
16 
36 
10 
39 
90 
6 
115 
6 
90 
0 
42 
28 
85 
45 
16 
82 
45 
15 
37 
9 
63 
44 
63 
18 
96 
61 
0 
17 
34 
3 
75 
21 
14 
20 
14 
11 
52 
59 
3 
62 
124 
2 
32 
21 
99 
4 
83 
32 
29 
39 
87 
63 
8 
60 
27 
35 
25 
56 
7 
48 
53 
22 
8 
63 
91 
32 
31 
31 
100 
16 
38 
12 
82 
71 
41 
31 
44 
4 
106 
6 
117 
18 
19 
55 
71 
32 
64 
68 
34 
16 
36 
58 
52 
35 
35 
7 
9 
21 
49 
72 
4 
33 
57 
4 
23 
13 
41 
22 
33 
29 
11 
5 
31 
26 
44 
4 
28 
17 
15 
2 
19 
11 
36 
13 
37 
29 
24 
19 
9 
24 
76 
29 
39 
11 
14 
42 
16 
16 
1 
0 
2 
44 
6 
12 
20 
30 
12 
38 
34 
8 
16 
0 
9 
7 
37 
15 
2 
7 
0 
33 
33 
77 
24 
21 
37 
10 
23 
5 
33 
84 
25 
20 
64 
6 
42 
4 
82 
37 
52 
2 
38 
7 
5 
40 
69 
120 
19 
19 
80 
0 
26 
76 
5 
27 
4 
48 
45 
74 
71 
14 
35 
48 
112 
8 
0 
107 
71 
34 
64 
21 
59 
114 
3 
24 
29 
41 
89 
40 
41 
38 
5 
3 
8 
37 
10 
99 
0 
65 
31 
5 
81 
89 
27 
1 
4 
5 
3 
55 
36 
40 
0 
26 
40 
22 
16 
15 
7 
36 
31 
31 
70 
18 
17 
14 
1 
48 
12 
16 
34 
4 
6 
0 
27 
43 
2 
14 
54 
75 
20 
108 
35 
12 
6 
39 
26 
54 
0 
18 
23 
103 
93 
105 
21 
58 
55 
56 
6 
119 
33 
5 
24 
115 
28 
14 
13 
75 
19 
43 
14 
7 
2 
39 
24 
35 
12 
23 
17 
35 
8 
0 
8 
13 
32 
23 
20 
15 
16 
75 
3 
2 
24 
38 
7 
11 
19 
46 
17 
30 
19 
42 
34 
3 
5 
20 
9 
35 
9 
37 
13 
53 
32 
21 
74 
14 
24 
15 
0 
18 
34 
62 
42 
16 
67 
17 
27 
41 
54 
44 
3 
43 
57 
41 
22 
50 
12 
42 
31 
1 
0 
0 
6 
39 
71 
40 
52 
34 
34 
44 
14 
11 
25 
19 
54 
12 
24 
28 
93 
12 
25 
30 
7 
22 
7 
16 
6 
39 
12 
48 
49 
15 
44 
13 
20 
32 
18 
19 
30 
30 
12 
36 
4 
36 
12 
46 
21 
16 
17 
10 
51 
15 
55 
12 
2 
14 
5 
7 
5 
37 
13 
28 
23 
8 
46 
53 
18 
30 
21 
34 
10 
6 
9 
29 
1 
24 
6 
7 
31 
22 
43 
27 
63 
32 
10 
4 
7 
19 
24 
23 
12 
7 
31 
34 
20 
10 
53 
47 
41 
12 
29 
24 
54 
22 
18 
6 
34 
15 
57 
15 
26 
22 
14 
26 
1 
49 
34 
27 
12 
5 
5 
13 
24 
17 
28 
16 
52 
22 
18 
46 
9 
93 
72 
40 
36 
58 
102 
54 
25 
17 
37 
38 
10 
85 
106 
9 
73 
85 
18 
52 
102 
32 
47 
0 
64 
2 
15 
20 
17 
16 
32 
3 
3 
46 
31 
30 
48 
14 
47 
29 
1 
32 
24 
2 
14 
9 
40 
29 
9 
29 
14 
26 
1 
23 
37 
52 
32 
27 
47 
4 
30 
19 
22 
24 
4 
27 
7 
42 
34 
5 
8 
39 
13 
12 
17 
32 
57 
29 
17 
34 
40 
20 
42 
12 
60 
26 
39 
21 
8 
12 
0 
9 
17 
14 
37 
42 
71 
71 
8 
34 
58 
31 
34 
4 
14 
8 
37 
20 
17 
9 
39 
6 
7 
74 
1 
22 
24 
26 
32 
28 
56 
91 
4 
2 
25 
15 
2 
32 
0 
18 
29 
58 
17 
0 
21 
29 
67 
19 
33 
7 
58 
24 
50 
1 
37 
64 
29 
34 
4 
39 
14 
29 
37 
31 
3 
30 
10 
4 
49 
67 
36 
29 
24 
25 
84 
29 
17 
19 
23 
1 
16 
21 
33 
28 
7 
28 
31 
9 
2 
2 
15 
57 
19 
2 
30 
8 
2 
27 
42 
8 
24 
95 
8 
25 
19 
27 
3 
47 
22 
7 
1 
37 
44 
19 
10 
16 
50 
25 
10 
4 
55 
64 
38 
7 
29 
14 
54 
9 
4 
12 
16 
39 
28 
27 
0 
8 
26 
51 
59 
31 
2 
27 
24 
30 
23 
4 
10 
19 
27 
5 
19 
1 
72 
34 
19 
48 
16 
10 
51 
26 
36 
64 
13 
26 
12 
42 
35 
54 
79 
47 
18 
34 
5 
32 
27 
13 
16 
31 
49 
32 
45 
17 
12 
85 
28 
80 
13 
47 
69 
46 
15 
27 
12 
14 
22 
12 
65 
89 
24 
11 
14 
12 
53 
1 
24 
52 
17 
37 
57 
76 
26 
21 
0 
15 
3 
32 
49 
25 
17 
7 
73 
29 
2 
5 
5 
7 
31 
64 
27 
90 
2 
17 
7 
29 
0 
32 
1 
13 
40 
32 
19 
8 
42 
26 
81 
46 
64 
4 
0 
9 
8 
47 
70 
65 
64 
48 
64 
2 
33 
0 
100 
6 
26 
16 
36 
32 
22 
38 
110 
24 
18 
32 
110 
42 
6 
41 
62 
42 
56 
62 
45 
18 
14 
10 
59 
10 
32 
35 
6 
54 
49 
29 
32 
0 
17 
13 
14 
9 
3 
24 
18 
25 
3 
54 
33 
42 
10 
3 
34 
20 
2 
58 
70 
42 
20 
29 
53 
58 
1 
12 
2 
37 
36 
1 
94 
18 
12 
30 
8 
50 
12 
8 
54 
46 
49 
13 
114 
49 
96 
21 
34 
37 
49 
2 
36 
38 
85 
89 
49 
7 
8 
74 
0 
12 
1 
32 
14 
20 
39 
17 
12 
7 
5 
29 
2 
38 
10 
39 
36 
27 
19 
18 
29 
36 
17 
17 
18 
15 
26 
65 
55 
31 
20 
51 
32 
54 
33 
76 
14 
19 
66 
101 
10 
35 
0 
14 
4 
26 
4 
48 
1 
39 
36 
2 
7 
12 
17 
40 
37 
19 
20 
52 
32 
17 
2 
19 
53 
23 
17 
51 
25 
30 
13 
41 
12 
29 
0 
19 
7 
20 
42 
14 
2 
69 
22 
14 
51 
1 
42 
19 
68 
17 
65 
39 
21 
41 
88 
33 
60 
18 
85 
54 
113 
0 
104 
80 
86 
32 
104 
21 
70 
36 
38 
29 
105 
30 
20 
64 
6 
37 
6 
61 
124 
70 
56 
56 
14 
7 
17 
49 
73 
56 
2 
32 
19 
39 
39 
13 
53 
29 
32 
46 
3 
2 
16 
48 
4 
35 
50 
34 
18 
2 
91 
34 
19 
64 
7 
37 
1 
42 
12 
11 
29 
41 
44 
12 
29 
34 
30 
20 
9 
29 
9 
49 
5 
86 
19 
0 
22 
9 
4 
12 
44 
1 
76 
54 
37 
37 
18 
26 
29 
25 
29 
29 
1 
2 
61 
19 
2 
17 
15 
34 
19 
22 
30 
62 
32 
42 
14 
16 
14 
22 
8 
15 
17 
23 
19 
24 
19 
31 
44 
25 
32 
32 
12 
3 
33 
26 
10 
0 
11 
9 
45 
17 
9 
29 
22 
42 
37 
32 
39 
26 
21 
19 
14 
22 
13 
40 
25 
28 
69 
23 
42 
14 
29 
6 
32 
32 
46 
39 
32 
12 
34 
29 
46 
14 
30 
37 
99 
0 
11 
50 
27 
4 
29 
77 
17 
58 
2 
33 
6 
16 
24 
19 
21 
12 
46 
54 
59 
30 
17 
110 
8 
23 
80 
10 
3 
26 
7 
6 
6 
12 
58 
50 
22 
21 
21 
9 
21 
39 
66 
2 
4 
21 
36 
33 
27 
4 
1 
27 
29 
17 
25 
7 
44 
30 
29 
5 
2 
14 
8 
6 
37 
2 
15 
23 
6 
13 
6 
23 
15 
49 
9 
22 
6 
24 
57 
4 
73 
4 
57 
0 
27 
17 
54 
28 
10 
52 
29 
9 
24 
5 
39 
28 
39 
12 
60 
39 
0 
10 
21 
2 
47 
13 
9 
12 
9 
7 
33 
37 
2 
39 
79 
1 
20 
13 
62 
2 
52 
20 
18 
24 
55 
39 
5 
38 
17 
22 
16 
35 
4 
30 
33 
14 
5 
39 
57 
20 
19 
19 
63 
9 
24 
7 
55 
48 
27 
21 
29 
2 
71 
4 
79 
12 
13 
37 
48 
22 
43 
45 
23 
10 
24 
39 
34 
24 
23 
4 
6 
14 
33 
49 
2 
22 
38 
2 
29 
16 
52 
28 
42 
37 
14 
6 
39 
34 
56 
6 
35 
22 
19 
3 
24 
14 
46 
17 
47 
37 
30 
24 
12 
31 
96 
37 
49 
14 
18 
54 
20 
20 
1 
1 
2 
56 
7 
14 
25 
38 
15 
48 
44 
10 
19 
0 
12 
9 
47 
19 
2 
9 
0 
42 
42 
97 
31 
27 
47 
13 
29 
7 
21 
53 
15 
12 
40 
4 
26 
2 
52 
23 
32 
1 
24 
4 
3 
25 
43 
76 
12 
12 
51 
0 
16 
48 
3 
17 
2 
30 
29 
47 
45 
9 
22 
30 
71 
5 
0 
68 
44 
22 
41 
13 
37 
71 
2 
15 
18 
26 
56 
25 
26 
24 
3 
2 
5 
24 
6 
62 
0 
41 
19 
3 
52 
56 
34 
2 
5 
6 
4 
69 
46 
51 
0 
32 
51 
29 
21 
19 
9 
46 
39 
39 
89 
22 
22 
18 
2 
61 
16 
21 
43 
6 
7 
0 
34 
54 
1 
9 
34 
47 
12 
68 
22 
7 
3 
24 
17 
34 
0 
12 
14 
65 
59 
67 
13 
37 
35 
35 
4 
75 
20 
3 
15 
73 
17 
9 
8 
47 
22 
48 
17 
8 
4 
45 
28 
39 
14 
25 
19 
39 
9 
0 
9 
15 
37 
25 
22 
18 
18 
85 
4 
2 
28 
42 
8 
12 
22 
52 
19 
34 
21 
47 
39 
4 
5 
22 
11 
39 
9 
42 
14 
59 
35 
24 
84 
15 
28 
18 
1 
21 
38 
71 
47 
18 
75 
18 
29 
47 
61 
49 
4 
49 
64 
45 
25 
57 
14 
47 
35 
1 
1 
0 
7 
44 
81 
45 
59 
38 
39 
49 
15 
12 
28 
21 
61 
14 
27 
31 
104 
14 
28 
34 
8 
24 
8 
18 
7 
45 
14 
54 
55 
18 
51 
15 
22 
37 
21 
22 
34 
34 
14 
41 
4 
41 
14 
51 
24 
18 
19 
11 
57 
18 
62 
14 
2 
17 
5 
8 
5 
42 
15 
32 
25 
9 
52 
59 
19 
34 
24 
39 
11 
7 
11 
34 
1 
27 
7 
8 
35 
25 
48 
31 
71 
37 
11 
4 
8 
22 
28 
27 
14 
8 
35 
38 
22 
11 
59 
54 
47 
12 
34 
28 
61 
25 
21 
7 
38 
17 
64 
17 
29 
25 
15 
29 
1 
55 
38 
31 
14 
7 
2 
8 
14 
11 
17 
8 
31 
14 
11 
28 
5 
55 
42 
24 
21 
34 
62 
32 
15 
9 
22 
22 
7 
51 
64 
5 
44 
51 
11 
31 
61 
19 
54 
0 
72 
2 
17 
22 
19 
18 
37 
4 
4 
51 
35 
34 
54 
17 
52 
32 
1 
35 
28 
2 
15 
9 
45 
32 
11 
32 
15 
29 
1 
27 
42 
59 
35 
31 
52 
5 
34 
21 
25 
27 
5 
31 
7 
48 
39 
7 
9 
44 
15 
14 
19 
37 
65 
34 
19 
38 
45 
22 
47 
14 
68 
29 
44 
24 
9 
12 
0 
9 
19 
17 
41 
48 
81 
79 
9 
38 
65 
35 
39 
4 
15 
9 
42 
22 
19 
11 
45 
7 
7 
84 
1 
25 
28 
29 
37 
31 
62 
102 
5 
2 
28 
17 
2 
35 
0 
21 
34 
65 
19 
0 
24 
34 
75 
21 
38 
8 
65 
28 
57 
1 
42 
72 
32 
38 
5 
44 
15 
32 
42 
35 
4 
34 
12 
5 
55 
75 
41 
34 
27 
28 
94 
34 
19 
22 
25 
1 
18 
24 
37 
31 
8 
32 
35 
11 
2 
1 
17 
64 
21 
2 
34 
9 
2 
31 
48 
9 
27 
106 
9 
28 
21 
29 
4 
52 
25 
8 
1 
41 
49 
21 
11 
18 
57 
28 
11 
4 
62 
72 
42 
8 
32 
17 
62 
9 
5 
14 
18 
44 
31 
31 
1 
8 
29 
58 
67 
35 
2 
29 
27 
34 
25 
4 
11 
21 
31 
5 
21 
1 
81 
38 
21 
54 
18 
12 
58 
29 
41 
72 
14 
29 
14 
47 
39 
61 
89 
52 
21 
38 
5 
37 
29 
15 
18 
35 
57 
35 
51 
19 
14 
96 
32 
89 
15 
54 
78 
51 
17 
29 
14 
15 
24 
14 
74 
99 
28 
12 
15 
14 
59 
1 
27 
58 
19 
41 
64 
85 
29 
24 
0 
18 
4 
35 
55 
29 
19 
7 
82 
32 
2 
7 
7 
8 
34 
72 
29 
101 
2 
19 
8 
32 
0 
37 
1 
15 
45 
37 
21 
9 
48 
29 
92 
52 
72 
4 
1 
11 
9 
54 
42 
39 
38 
28 
38 
1 
19 
0 
59 
4 
17 
9 
21 
19 
12 
22 
67 
14 
11 
19 
67 
25 
4 
24 
38 
25 
34 
37 
27 
11 
8 
7 
67 
11 
35 
39 
7 
61 
55 
32 
37 
1 
19 
15 
17 
9 
4 
27 
21 
28 
4 
61 
37 
48 
11 
4 
38 
22 
2 
65 
79 
47 
22 
32 
31 
35 
1 
7 
1 
22 
21 
1 
57 
11 
7 
18 
5 
29 
7 
5 
32 
28 
29 
8 
68 
29 
58 
12 
19 
21 
29 
1 
21 
22 
51 
54 
55 
7 
9 
84 
0 
14 
1 
37 
17 
22 
44 
19 
14 
7 
5 
32 
2 
42 
12 
44 
41 
29 
21 
19 
32 
41 
18 
18 
21 
18 
29 
74 
62 
35 
22 
57 
37 
61 
37 
86 
15 
21 
74 
114 
11 
39 
0 
17 
4 
29 
5 
54 
1 
44 
41 
2 
8 
14 
19 
45 
42 
21 
22 
58 
37 
19 
2 
21 
59 
27 
19 
58 
28 
34 
15 
47 
14 
34 
0 
21 
8 
24 
48 
17 
2 
78 
24 
17 
57 
1 
48 
22 
76 
19 
74 
44 
12 
25 
52 
19 
35 
11 
51 
32 
68 
0 
62 
48 
51 
19 
62 
12 
42 
21 
22 
18 
62 
18 
11 
38 
4 
22 
4 
37 
74 
42 
32 
34 
17 
8 
19 
55 
82 
62 
2 
35 
22 
44 
44 
15 
59 
32 
37 
51 
4 
1 
18 
54 
4 
39 
57 
38 
19 
2 
104 
38 
22 
71 
8 
41 
1 
47 
12 
12 
32 
47 
49 
14 
32 
38 
34 
22 
9 
32 
11 
55 
5 
96 
22 
0 
25 
9 
4 
14 
51 
1 
86 
61 
42 
41 
21 
29 
32 
28 
34 
34 
1 
2 
68 
21 
2 
18 
17 
39 
22 
25 
34 
69 
37 
48 
15 
18 
15 
25 
9 
17 
18 
27 
22 
27 
21 
35 
51 
28 
37 
37 
14 
4 
38 
29 
12 
0 
12 
9 
51 
19 
11 
32 
25 
47 
41 
37 
44 
29 
24 
21 
15 
24 
15 
45 
29 
31 
78 
27 
47 
15 
32 
7 
37 
37 
52 
44 
35 
14 
38 
32 
52 
15 
34 
41 
111 
1 
12 
57 
31 
5 
32 
86 
19 
65 
2 
37 
7 
18 
28 
22 
24 
14 
52 
61 
67 
34 
19 
124 
9 
27 
89 
11 
4 
29 
8 
7 
7 
14 
65 
57 
24 
24 
24 
11 
24 
45 
75 
2 
5 
24 
41 
37 
29 
4 
1 
29 
34 
18 
28 
8 
49 
34 
34 
7 
2 
17 
8 
7 
41 
2 
17 
27 
7 
15 
7 
25 
18 
55 
11 
25 
7 
28 
64 
4 
82 
4 
64 
0 
29 
19 
59 
32 
11 
58 
32 
11 
27 
7 
45 
31 
45 
12 
68 
44 
0 
12 
24 
2 
54 
15 
9 
14 
9 
8 
37 
42 
2 
44 
88 
1 
22 
15 
71 
2 
58 
22 
21 
28 
62 
45 
5 
42 
19 
25 
18 
39 
5 
34 
37 
15 
5 
45 
65 
22 
22 
22 
71 
11 
27 
8 
62 
54 
31 
24 
34 
2 
81 
4 
89 
14 
15 
42 
54 
24 
48 
51 
27 
12 
27 
44 
39 
27 
27 
5 
7 
15 
37 
55 
2 
25 
44 
2 
32 
17 
54 
29 
45 
40 
16 
6 
41 
36 
58 
6 
37 
22 
20 
4 
25 
14 
49 
17 
49 
38 
32 
25 
13 
33 
101 
38 
52 
14 
18 
57 
22 
22 
1 
1 
2 
64 
8 
17 
28 
42 
17 
54 
49 
11 
22 
1 
14 
11 
52 
22 
4 
11 
1 
48 
48 
109 
35 
31 
52 
15 
34 
8 
24 
59 
18 
14 
45 
4 
29 
2 
58 
27 
37 
1 
27 
5 
4 
28 
48 
85 
14 
14 
57 
0 
18 
54 
4 
18 
2 
34 
32 
52 
51 
9 
25 
34 
79 
5 
0 
76 
51 
24 
45 
15 
42 
81 
2 
17 
21 
29 
62 
28 
29 
27 
4 
2 
5 
27 
7 
71 
0 
47 
21 
4 
58 
64 
38 
2 
5 
7 
4 
78 
51 
57 
0 
37 
58 
32 
24 
22 
9 
51 
44 
45 
99 
25 
25 
21 
2 
68 
18 
24 
48 
7 
8 
0 
38 
62 
1 
9 
38 
52 
14 
76 
25 
8 
4 
28 
18 
38 
0 
12 
17 
74 
67 
75 
15 
41 
39 
39 
4 
84 
22 
4 
17 
82 
19 
9 
9 
54 
