155 
 82 
160 
111 
 90 
134 
142 
160 
189 
108 
103 
234 
126 
199 
 78 
121 
170 
183 
115 
 42 
154 
 40 
 10 
113 
116 
210 
 90 
 72 
120 
167 
 44 
133 
139 
171 
 93 
107 
130 
 70 
227 
142 
151 
166 
200 
217 
190 
177 
125 
103 
103 
 76 
117 
164 
101 
116 
197 
 37 
228 
160 
121 
210 
130 
155 
109 
131 
 71 
 74 
136 
188 
103 
217 
196 
 35 
144 
160 
 24 
 37 
153 
 96 
140 
172 
216 
173 
127 
159 
227 
218 
192 
137 
 63 
148 
 65 
239 
 86 
185 
 73 
100 
181 
199 
143 
122 
131 
146 
147 
 63 
 41 
 97 
126 
 36 
170 
147 
161 
161 
 45 
151 
188 
 94 
175 
208 
151 
152 
 99 
 88 
 83 
212 
 95 
173 
121 
159 
122 
181 
122 
126 
195 
198 
 31 
143 
186 
 95 
101 
149 
109 
121 
179 
113 
183 
207 
 97 
134 
122 
108 
123 
 90 
129 
162 
116 
139 
 81 
209 
173 
202 
113 
125 
 62 
117 
108 
 93 
 97 
 81 
165 
 71 
225 
128 
119 
 66 
 96 
164 
122 
 96 
152 
128 
198 
 89 
 57 
 31 
204 
202 
 41 
 41 
 91 
146 
121 
 76 
160 
122 
 61 
184 
 98 
208 
243 
115 
106 
200 
 74 
145 
 92 
120 
 21 
 94 
 75 
220 
100 
 75 
102 
144 
 92 
202 
105 
147 
202 
 87 
194 
153 
 82 
 57 
 72 
 72 
 52 
  9 
 80 
 97 
139 
 89 
 36 
113 
120 
116 
166 
165 
118 
 80 
180 
 55 
133 
 64 
116 
156 
139 
231 
174 
146 
170 
195 
128 
 50 
111 
131 
164 
211 
 41 
 96 
137 
117 
 92 
171 
176 
230 
152 
199 
170 
169 
 70 
193 
 44 
101 
 40 
 93 
203 
 74 
245 
 95 
124 
113 
156 
 92 
204 
126 
181 
180 
 99 
 80 
 71 
121 
150 
157 
133 
 52 
230 
 53 
192 
 94 
 81 
118 
127 
210 
117 
203 
210 
144 
242 
123 
 55 
 68 
187 
168 
158 
100 
103 
135 
 99 
111 
156 
 81 
160 
111 
 89 
134 
143 
160 
190 
108 
102 
235 
126 
200 
 78 
121 
170 
184 
115 
 41 
154 
 39 
 10 
113 
116 
211 
 89 
 71 
120 
167 
 43 
133 
138 
171 
 93 
107 
130 
 71 
226 
142 
151 
166 
200 
217 
189 
176 
125 
103 
103 
 76 
117 
164 
102 
116 
197 
 38 
227 
160 
121 
209 
130 
154 
109 
131 
 72 
 74 
136 
188 
103 
217 
196 
 35 
144 
159 
 24 
 37 
153 
 96 
140 
171 
216 
173 
127 
159 
226 
218 
192 
137 
 63 
148 
 65 
239 
 86 
185 
 73 
100 
179 
197 
142 
122 
131 
146 
146 
 65 
 43 
 98 
126 
 38 
169 
146 
160 
160 
 47 
151 
186 
 95 
174 
206 
151 
152 
100 
 90 
 84 
210 
 96 
172 
121 
158 
122 
182 
122 
126 
196 
199 
 31 
143 
186 
 95 
101 
149 
109 
121 
180 
112 
183 
207 
 96 
134 
121 
108 
123 
 90 
129 
163 
116 
140 
 80 
210 
174 
203 
113 
125 
 63 
118 
108 
 94 
 98 
 82 
164 
 72 
223 
128 
119 
 67 
 97 
163 
122 
 97 
152 
128 
197 
 90 
 58 
 32 
202 
200 
 43 
 43 
 92 
146 
121 
 77 
159 
123 
 63 
183 
 98 
206 
241 
115 
106 
198 
 75 
144 
 93 
120 
 23 
 95 
 77 
218 
101 
 76 
103 
143 
 93 
200 
105 
147 
200 
 88 
192 
152 
 83 
 59 
 75 
 75 
 56 
 12 
 82 
 98 
138 
 91 
 40 
113 
121 
117 
164 
163 
119 
 83 
177 
 58 
132 
 68 
116 
154 
139 
227 
172 
145 
167 
191 
128 
 54 
112 
131 
163 
209 
 43 
 97 
136 
118 
 93 
169 
175 
228 
151 
197 
169 
168 
 71 
191 
 46 
101 
 42 
 94 
201 
 76 
243 
 96 
124 
114 
155 
 93 
203 
126 
180 
178 
 99 
 80 
 70 
121 
150 
157 
133 
 52 
230 
 53 
192 
 94 
 81 
118 
127 
211 
117 
203 
210 
144 
242 
123 
 55 
 68 
187 
168 
158 
100 
103 
135 
 99 
111 
156 
 82 
160 
111 
 90 
134 
142 
160 
190 
108 
103 
235 
126 
199 
 78 
121 
170 
183 
115 
 42 
154 
 40 
 10 
113 
116 
210 
 90 
 72 
120 
167 
 43 
134 
138 
172 
 93 
107 
130 
 70 
227 
142 
151 
166 
200 
217 
190 
177 
125 
103 
103 
 76 
117 
164 
101 
116 
197 
 37 
228 
160 
121 
210 
130 
155 
109 
131 
 71 
 74 
136 
188 
103 
218 
196 
 35 
144 
159 
 24 
 37 
153 
 96 
140 
172 
216 
174 
127 
159 
227 
218 
192 
137 
 63 
148 
 65 
239 
 86 
185 
 73 
100 
180 
197 
143 
122 
131 
146 
146 
 64 
 43 
 98 
126 
 38 
169 
146 
160 
160 
 47 
151 
187 
 95 
174 
207 
151 
152 
100 
 89 
 84 
211 
 96 
172 
121 
158 
123 
182 
123 
126 
196 
199 
 31 
143 
186 
 95 
101 
149 
109 
121 
180 
113 
183 
207 
 97 
134 
122 
108 
123 
 90 
129 
162 
116 
139 
 81 
210 
174 
203 
113 
125 
 64 
118 
108 
 94 
 98 
 82 
163 
 72 
223 
128 
119 
 67 
 97 
162 
122 
 97 
151 
128 
196 
 90 
 59 
 33 
202 
200 
 43 
 43 
 92 
146 
121 
 77 
159 
123 
 62 
183 
 98 
207 
242 
115 
106 
199 
 75 
144 
 93 
120 
 22 
 95 
 77 
219 
101 
 76 
103 
143 
 93 
200 
105 
147 
200 
 88 
193 
152 
 83 
 59 
 74 
 75 
 55 
 11 
 82 
 98 
138 
 91 
 40 
113 
121 
117 
164 
163 
119 
 83 
177 
 58 
132 
 67 
116 
154 
139 
228 
172 
145 
167 
192 
128 
 53 
112 
131 
163 
210 
 42 
 97 
136 
117 
 92 
170 
175 
229 
151 
198 
170 
169 
 71 
192 
 46 
101 
 41 
 94 
202 
 75 
244 
 95 
124 
114 
155 
 92 
203 
126 
180 
179 
 99 
 81 
 71 
121 
150 
157 
133 
 53 
230 
 53 
192 
 94 
 81 
118 
127 
210 
118 
203 
210 
144 
242 
123 
 55 
 68 
187 
168 
158 
101 
103 
135 
 99 
111 
156 
 82 
161 
111 
 89 
134 
142 
159 
189 
109 
102 
235 
126 
200 
 78 
121 
169 
184 
115 
 41 
154 
 40 
 10 
113 
115 
210 
 89 
 72 
119 
167 
 43 
133 
139 
174 
 91 
106 
130 
 68 
229 
142 
152 
168 
203 
221 
192 
179 
125 
102 
102 
 74 
117 
166 
100 
116 
200 
 34 
231 
162 
120 
213 
130 
156 
107 
130 
 70 
 72 
137 
189 
102 
219 
198 
 33 
144 
161 
 23 
 35 
154 
 94 
141 
173 
218 
174 
128 
159 
228 
220 
194 
137 
 61 
148 
 63 
241 
 84 
187 
 71 
 98 
180 
197 
143 
121 
130 
146 
146 
 64 
 43 
 99 
126 
 37 
169 
146 
161 
161 
 47 
151 
187 
 95 
174 
206 
150 
151 
100 
 89 
 84 
211 
 96 
173 
121 
158 
122 
184 
122 
126 
198 
201 
 29 
144 
188 
 94 
101 
150 
109 
121 
181 
113 
185 
209 
 96 
134 
121 
107 
123 
 89 
129 
163 
115 
140 
 79 
212 
176 
205 
112 
125 
 63 
117 
109 
 94 
 97 
 82 
164 
 71 
224 
128 
119 
 67 
 96 
164 
122 
 97 
151 
129 
197 
 89 
 58 
 32 
203 
201 
 42 
 42 
 91 
146 
121 
 77 
159 
122 
 62 
183 
 99 
207 
242 
115 
106 
199 
 75 
144 
 93 
120 
 22 
 95 
 77 
219 
100 
 75 
102 
143 
 93 
200 
105 
146 
201 
 88 
193 
153 
 83 
 59 
 73 
 73 
 53 
 10 
 81 
 97 
139 
 90 
 37 
112 
121 
116 
166 
165 
119 
 81 
178 
 56 
133 
 66 
116 
155 
139 
230 
174 
146 
169 
193 
129 
 51 
111 
131 
164 
210 
 42 
 96 
136 
117 
 93 
169 
175 
229 
151 
198 
169 
168 
 71 
191 
 46 
101 
 41 
 94 
202 
 75 
244 
 95 
125 
114 
155 
 93 
203 
126 
181 
178 
 98 
 79 
 69 
121 
152 
158 
133 
 50 
232 
 51 
194 
 93 
 79 
117 
128 
213 
117 
206 
212 
145 
243 
123 
 53 
 66 
188 
169 
159 
 99 
102 
136 
 98 
111 
155 
 82 
160 
111 
 91 
135 
142 
160 
189 
109 
104 
233 
125 
198 
 80 
120 
168 
183 
116 
 42 
153 
 41 
 11 
113 
116 
208 
 91 
 74 
120 
166 
 45 
132 
140 
179 
 86 
104 
131 
 58 
238 
146 
157 
174 
214 
230 
201 
187 
124 
 98 
 98 
 65 
115 
171 
 95 
112 
210 
 25 
239 
169 
118 
222 
131 
160 
104 
131 
 72 
 74 
137 
189 
102 
218 
196 
 34 
144 
160 
 24 
 37 
153 
 95 
139 
173 
215 
173 
128 
160 
227 
218 
193 
137 
 62 
148 
 64 
239 
 87 
185 
 72 
100 
181 
200 
144 
120 
130 
146 
146 
 62 
 40 
 97 
125 
 35 
171 
146 
162 
162 
 44 
151 
189 
 93 
175 
210 
151 
153 
100 
 89 
 82 
213 
 95 
175 
120 
160 
123 
181 
123 
128 
196 
200 
 30 
144 
187 
 95 
100 
148 
109 
120 
181 
113 
183 
208 
 95 
135 
120 
109 
123 
 91 
130 
162 
116 
139 
 80 
211 
175 
203 
111 
125 
 61 
118 
107 
 93 
 97 
 80 
164 
 70 
226 
128 
118 
 64 
 95 
164 
123 
 95 
153 
128 
200 
 89 
 55 
 29 
205 
203 
 40 
 40 
 91 
146 
120 
 76 
160 
123 
 61 
185 
 97 
210 
244 
113 
107 
201 
 74 
146 
 91 
120 
 20 
 93 
 74 
221 
100 
 74 
102 
144 
 91 
203 
104 
148 
203 
 87 
194 
153 
 80 
 57 
 70 
 72 
 50 
  9 
 78 
 95 
139 
 89 
 35 
111 
120 
116 
166 
166 
118 
 80 
181 
 54 
132 
 64 
116 
158 
139 
232 
175 
146 
171 
196 
128 
 49 
111 
132 
164 
211 
 40 
 95 
137 
118 
 91 
171 
177 
231 
153 
200 
171 
171 
 70 
194 
 44 
100 
 40 
 93 
205 
 74 
245 
 95 
125 
113 
155 
 91 
205 
125 
183 
181 
 97 
 80 
 70 
120 
151 
158 
132 
 52 
230 
 52 
193 
 93 
 80 
118 
128 
211 
118 
203 
211 
144 
242 
123 
 55 
 68 
187 
168 
158 
100 
102 
135 
100 
111 
155 
 82 
160 
111 
 90 
134 
142 
160 
189 
108 
103 
234 
126 
199 
 78 
121 
170 
183 
115 
 42 
154 
 40 
 10 
113 
116 
210 
 90 
 72 
120 
167 
 44 
133 
139 
171 
 93 
107 
130 
 70 
227 
142 
151 
166 
200 
217 
190 
177 
125 
103 
103 
 76 
117 
164 
101 
116 
197 
 37 
228 
160 
121 
210 
130 
155 
109 
131 
 71 
 74 
136 
188 
103 
217 
196 
 35 
144 
160 
 24 
 37 
153 
 96 
140 
172 
216 
173 
127 
159 
227 
218 
192 
137 
 63 
148 
 65 
239 
 86 
185 
 73 
100 
181 
199 
143 
122 
131 
146 
147 
 63 
 41 
 97 
126 
 36 
170 
147 
161 
161 
 45 
151 
188 
 94 
175 
208 
151 
152 
 99 
 88 
 83 
212 
 95 
173 
121 
159 
122 
181 
122 
126 
195 
198 
 31 
143 
186 
 95 
101 
149 
109 
121 
179 
113 
183 
207 
 97 
134 
122 
108 
123 
 90 
129 
162 
116 
139 
 81 
209 
173 
202 
113 
125 
 62 
117 
108 
 93 
 97 
 81 
165 
 71 
225 
128 
119 
 66 
 96 
164 
122 
 96 
152 
128 
198 
 89 
 57 
 31 
204 
202 
 41 
 41 
 91 
146 
121 
 76 
160 
122 
 61 
184 
 98 
208 
243 
115 
106 
200 
 74 
145 
 92 
120 
 21 
 94 
 75 
220 
100 
 75 
102 
144 
 92 
202 
105 
147 
202 
 87 
194 
153 
 82 
 57 
 72 
 72 
 52 
  9 
 80 
 97 
139 
 89 
 36 
113 
120 
116 
166 
165 
118 
 80 
180 
 55 
133 
 64 
116 
156 
139 
231 
174 
146 
170 
195 
128 
 50 
111 
131 
164 
211 
 41 
 96 
137 
117 
 92 
171 
176 
230 
152 
199 
170 
169 
 70 
193 
 44 
101 
 40 
 93 
203 
 74 
245 
 95 
124 
113 
156 
 92 
204 
126 
181 
180 
 99 
 80 
 71 
121 
150 
157 
133 
 52 
230 
 53 
192 
 94 
 81 
118 
127 
210 
117 
203 
210 
144 
242 
123 
 55 
 68 
187 
168 
158 
100 
103 
135 
 99 
111 
156 
 81 
160 
111 
 89 
134 
143 
160 
190 
108 
102 
235 
126 
200 
 78 
121 
170 
184 
115 
 41 
154 
 39 
 10 
113 
116 
211 
 89 
 71 
120 
167 
 43 
133 
138 
171 
 93 
107 
130 
 71 
226 
142 
151 
166 
200 
217 
189 
176 
125 
103 
103 
 76 
117 
164 
102 
116 
197 
 38 
227 
160 
121 
209 
130 
154 
109 
131 
 72 
 74 
136 
188 
103 
217 
196 
 35 
144 
159 
 24 
 37 
153 
 96 
140 
171 
216 
173 
127 
159 
226 
218 
192 
137 
 63 
148 
 65 
239 
 86 
185 
 73 
100 
179 
197 
142 
122 
131 
146 
146 
 65 
 43 
 98 
126 
 38 
169 
146 
160 
160 
 47 
151 
186 
 95 
174 
206 
151 
152 
100 
 90 
 84 
210 
 96 
172 
121 
158 
122 
182 
122 
126 
196 
199 
 31 
143 
186 
 95 
101 
149 
109 
121 
180 
112 
183 
207 
 96 
134 
121 
108 
123 
 90 
129 
163 
116 
140 
 80 
210 
174 
203 
113 
125 
 63 
118 
108 
 94 
 98 
 82 
164 
 72 
223 
128 
119 
 67 
 97 
163 
122 
 97 
152 
128 
197 
 90 
 58 
 32 
202 
200 
 43 
 43 
 92 
146 
121 
 77 
159 
123 
 63 
183 
 98 
206 
241 
115 
106 
198 
 75 
144 
 93 
120 
 23 
 95 
 77 
218 
101 
 76 
103 
143 
 93 
200 
105 
147 
200 
 88 
192 
152 
 83 
 59 
 75 
 75 
 56 
 12 
 82 
 98 
138 
 91 
 40 
113 
121 
117 
164 
163 
119 
 83 
177 
 58 
132 
 68 
116 
154 
139 
227 
172 
145 
167 
191 
128 
 54 
112 
131 
163 
209 
 43 
 97 
136 
118 
 93 
169 
175 
228 
151 
197 
169 
168 
 71 
191 
 46 
101 
 42 
 94 
201 
 76 
243 
 96 
124 
114 
155 
 93 
203 
126 
180 
178 
 99 
 80 
 70 
121 
150 
157 
133 
 52 
230 
 53 
192 
 94 
 81 
118 
127 
211 
117 
203 
210 
144 
242 
123 
 55 
 68 
187 
168 
158 
100 
103 
135 
 99 
111 
156 
 82 
160 
111 
 90 
134 
142 
160 
190 
108 
103 
235 
126 
199 
 78 
121 
170 
183 
115 
 42 
154 
 40 
 10 
113 
116 
210 
 90 
 72 
120 
167 
 43 
134 
138 
172 
 93 
107 
130 
 70 
227 
142 
151 
166 
200 
217 
190 
177 
125 
103 
103 
 76 
117 
164 
101 
116 
197 
 37 
228 
160 
121 
210 
130 
155 
109 
131 
 71 
 74 
136 
188 
103 
218 
196 
 35 
144 
159 
 24 
 37 
153 
 96 
140 
172 
216 
174 
127 
159 
227 
218 
192 
137 
 63 
148 
 65 
239 
 86 
185 
 73 
100 
180 
197 
143 
122 
131 
146 
146 
 64 
 43 
 98 
126 
 38 
169 
146 
160 
160 
 47 
151 
187 
 95 
174 
207 
151 
152 
100 
 89 
 84 
211 
 96 
172 
121 
158 
123 
182 
123 
126 
196 
199 
 31 
143 
186 
 95 
101 
149 
109 
121 
180 
113 
183 
207 
 97 
134 
122 
108 
123 
 90 
129 
162 
116 
139 
 81 
210 
174 
203 
113 
125 
 64 
118 
108 
 94 
 98 
 82 
163 
 72 
223 
128 
119 
 67 
 97 
162 
122 
 97 
151 
128 
196 
 90 
 59 
 33 
202 
200 
 43 
 43 
 92 
146 
121 
 77 
159 
123 
 62 
183 
 98 
207 
242 
115 
106 
199 
 75 
144 
 93 
120 
 22 
 95 
 77 
219 
101 
 76 
103 
143 
 93 
200 
105 
147 
200 
 88 
193 
152 
 83 
 59 
 74 
 75 
 55 
 11 
 82 
 98 
138 
 91 
 40 
113 
121 
117 
164 
163 
119 
 83 
177 
 58 
132 
 67 
116 
154 
139 
228 
172 
145 
167 
192 
128 
 53 
112 
131 
163 
210 
 42 
 97 
136 
117 
 92 
170 
175 
229 
151 
198 
170 
169 
 71 
192 
 46 
101 
 41 
 94 
202 
 75 
244 
 95 
124 
114 
155 
 92 
203 
126 
180 
179 
 99 
 81 
 71 
121 
150 
157 
133 
 53 
230 
 53 
192 
 94 
 81 
118 
127 
210 
118 
203 
210 
144 
242 
123 
 55 
 68 
187 
168 
158 
101 
103 
135 
 99 
111 
156 
 82 
161 
111 
 89 
134 
142 
159 
189 
109 
102 
235 
126 
200 
 78 
121 
169 
184 
115 
 41 
154 
 40 
 10 
113 
115 
210 
 89 
 72 
119 
167 
 43 
133 
139 
174 
 91 
106 
130 
 68 
229 
142 
152 
168 
203 
221 
192 
179 
125 
102 
102 
 74 
117 
166 
100 
116 
200 
 34 
231 
162 
120 
213 
130 
156 
107 
130 
 70 
 72 
137 
189 
102 
219 
198 
 33 
144 
161 
 23 
 35 
154 
 94 
141 
173 
218 
174 
128 
159 
228 
220 
194 
137 
 61 
148 
 63 
241 
 84 
187 
 71 
 98 
180 
197 
143 
121 
130 
146 
146 
 64 
 43 
 99 
126 
 37 
169 
146 
161 
161 
 47 
151 
187 
 95 
174 
206 
150 
151 
100 
 89 
 84 
211 
 96 
173 
121 
158 
122 
184 
122 
126 
198 
201 
 29 
144 
188 
 94 
101 
150 
109 
121 
181 
113 
185 
209 
 96 
134 
121 
107 
123 
 89 
129 
163 
115 
140 
 79 
212 
176 
205 
112 
125 
 63 
117 
109 
 94 
 97 
 82 
164 
 71 
224 
128 
119 
 67 
 96 
164 
122 
 97 
151 
129 
197 
 89 
 58 
 32 
203 
201 
 42 
 42 
 91 
146 
121 
 77 
159 
122 
 62 
183 
 99 
207 
242 
115 
106 
199 
 75 
144 
 93 
120 
 22 
 95 
 77 
219 
100 
 75 
102 
143 
 93 
200 
105 
146 
201 
 88 
193 
153 
 83 
 59 
 73 
 73 
 53 
 10 
 81 
 97 
139 
 90 
 37 
112 
121 
116 
166 
165 
119 
 81 
178 
 56 
133 
 66 
116 
155 
139 
230 
174 
146 
169 
193 
129 
 51 
111 
131 
164 
210 
 42 
 96 
136 
117 
 93 
169 
175 
229 
151 
198 
169 
168 
 71 
191 
 46 
101 
 41 
 94 
202 
 75 
244 
 95 
125 
114 
155 
 93 
203 
126 
181 
178 
 98 
 79 
 69 
121 
152 
158 
133 
 50 
232 
 51 
194 
 93 
 79 
117 
128 
213 
117 
206 
212 
145 
243 
123 
 53 
 66 
188 
169 
159 
 99 
102 
136 
 98 
111 
155 
 82 
160 
111 
 91 
135 
142 
160 
189 
109 
104 
233 
125 
198 
 80 
120 
168 
183 
116 
 42 
153 
 41 
 11 
113 
116 
208 
 91 
 74 
120 
166 
 45 
132 
140 
179 
 86 
104 
131 
 58 
238 
146 
157 
174 
214 
230 
201 
187 
124 
 98 
 98 
 65 
115 
171 
 95 
112 
210 
 25 
239 
169 
118 
222 
131 
160 
104 
131 
 72 
 74 
137 
189 
102 
218 
196 
 34 
144 
160 
 24 
 37 
153 
 95 
139 
173 
215 
173 
128 
160 
227 
218 
193 
137 
 62 
148 
 64 
239 
 87 
185 
 72 
100 
181 
200 
144 
120 
130 
146 
146 
 62 
 40 
 97 
125 
 35 
171 
146 
162 
162 
 44 
151 
189 
 93 
175 
210 
151 
153 
100 
 89 
 82 
213 
 95 
175 
120 
160 
123 
181 
123 
128 
196 
200 
 30 
144 
187 
 95 
100 
148 
109 
120 
181 
113 
183 
208 
 95 
135 
120 
109 
123 
 91 
130 
162 
116 
139 
 80 
211 
175 
203 
111 
125 
 61 
118 
107 
 93 
 97 
 80 
164 
 70 
226 
128 
118 
 64 
 95 
164 
123 
 95 
153 
128 
200 
 89 
 55 
 29 
205 
203 
 40 
 40 
 91 
146 
120 
 76 
160 
123 
 61 
185 
 97 
210 
244 
113 
107 
201 
 74 
146 
 91 
120 
 20 
 93 
 74 
221 
100 
 74 
102 
144 
 91 
203 
104 
148 
203 
 87 
194 
153 
 80 
 57 
 70 
 72 
 50 
  9 
 78 
 95 
139 
 89 
 35 
111 
120 
116 
166 
166 
118 
 80 
181 
 54 
132 
 64 
116 
158 
139 
232 
175 
146 
171 
196 
128 
 49 
111 
132 
164 
211 
 40 
 95 
137 
118 
 91 
171 
177 
231 
153 
200 
171 
171 
 70 
194 
 44 
100 
 40 
 93 
205 
 74 
245 
 95 
125 
113 
155 
 91 
205 
125 
183 
181 
 97 
 80 
 70 
120 
151 
158 
132 
 52 
230 
 52 
193 
 93 
 80 
118 
128 
211 
118 
203 
211 
144 
242 
123 
 55 
 68 
187 
168 
158 
100 
102 
135 
100 
111 