 98 
153 
 76 
201 
175 
155 
123 
111 
118 
191 
146 
 98 
 70 
235 
 99 
131 
 79 
 84 
 34 
 77 
190 
165 
108 
 76 
209 
230 
 71 
 56 
 76 
236 
 77 
131 
138 
195 
 90 
176 
 33 
101 
 46 
195 
 63 
107 
 90 
169 
157 
246 
 53 
161 
170 
158 
112 
229 
112 
164 
 59 
109 
164 
123 
168 
154 
 21 
205 
148 
172 
218 
 70 
 95 
 41 
163 
 18 
122 
 78 
 78 
130 
 60 
160 
116 
 70 
122 
213 
 20 
 56 
 71 
103 
172 
151 
 51 
 85 
149 
185 
134 
119 
 76 
164 
 84 
126 
142 
 76 
195 
162 
126 
132 
105 
190 
158 
196 
110 
180 
194 
 95 
142 
186 
 61 
149 
143 
193 
 73 
 82 
138 
 32 
154 
185 
110 
 56 
140 
177 
 52 
119 
120 
 83 
 56 
105 
147 
239 
184 
 71 
 96 
117 
 97 
223 
113 
163 
140 
105 
105 
180 
 91 
 58 
193 
 42 
122 
 15 
169 
 46 
112 
 73 
 63 
199 
225 
197 
104 
 61 
182 
 84 
181 
194 
180 
193 
 32 
132 
 75 
161 
 78 
152 
161 
216 
192 
120 
 78 
 84 
180 
174 
129 
 73 
 84 
193 
 60 
144 
196 
165 
201 
121 
 13 
199 
116 
153 
 82 
177 
 28 
102 
190 
109 
179 
 93 
 42 
186 
 63 
146 
 47 
 52 
158 
146 
134 
213 
210 
102 
154 
141 
216 
 89 
103 
137 
232 
 72 
142 
 94 
198 
129 
 85 
 51 
203 
160 
 65 
 96 
154 
134 
 33 
 30 
247 
113 
 44 
220 
127 
121 
104 
 59 
168 
155 
 52 
 82 
206 
217 
102 
 33 
 68 
 42 
 73 
163 
206 
146 
179 
 68 
181 
143 
143 
156 
 71 
 48 
 74 
161 
108 
117 
 56 
187 
108 
100 
146 
 71 
211 
107 
169 
151 
 93 
134 
127 
132 
 20 
116 
 71 
152 
177 
191 
137 
137 
189 
122 
141 
 95 
 90 
 84 
139 
 42 
 82 
133 
 56 
 74 
200 
 62 
 95 
 33 
132 
207 
 40 
 78 
149 
174 
160 
 89 
122 
106 
 98 
153 
 75 
202 
176 
155 
123 
111 
118 
192 
146 
 97 
 69 
236 
 99 
131 
 78 
 84 
 33 
 76 
190 
165 
108 
 75 
210 
231 
 71 
 55 
 75 
237 
 76 
131 
138 
194 
 91 
176 
 33 
101 
 47 
195 
 64 
107 
 90 
168 
156 
246 
 54 
161 
169 
157 
112 
228 
112 
164 
 59 
109 
164 
123 
167 
153 
 22 
204 
148 
172 
218 
 70 
 95 
 41 
163 
 18 
122 
 78 
 78 
130 
 60 
160 
116 
 70 
122 
213 
 21 
 56 
 71 
103 
172 
151 
 51 
 85 
149 
185 
134 
119 
 76 
164 
 84 
126 
141 
 77 
194 
161 
126 
132 
105 
188 
157 
194 
111 
179 
193 
 96 
142 
185 
 62 
148 
142 
191 
 74 
 84 
137 
 34 
153 
184 
111 
 57 
140 
176 
 54 
119 
120 
 82 
 55 
105 
147 
240 
184 
 70 
 96 
117 
 97 
224 
113 
163 
140 
105 
105 
180 
 91 
 57 
193 
 41 
122 
 15 
170 
 45 
111 
 73 
 63 
200 
226 
198 
105 
 62 
181 
 86 
180 
193 
179 
191 
 33 
132 
 76 
160 
 79 
151 
160 
214 
190 
121 
 79 
 85 
179 
173 
129 
 74 
 85 
192 
 62 
143 
194 
164 
199 
121 
 15 
197 
117 
152 
 83 
176 
 30 
102 
188 
109 
178 
 94 
 44 
185 
 65 
146 
 49 
 54 
157 
146 
134 
211 
208 
102 
153 
141 
214 
 90 
104 
137 
230 
 73 
141 
 96 
194 
129 
 88 
 54 
199 
158 
 69 
 98 
152 
134 
 37 
 34 
245 
114 
 48 
216 
127 
121 
106 
 63 
166 
153 
 56 
 84 
202 
213 
103 
 37 
 71 
 46 
 74 
162 
204 
146 
178 
 70 
179 
142 
143 
155 
 72 
 50 
 75 
161 
109 
117 
 57 
185 
108 
101 
146 
 73 
209 
107 
168 
150 
 94 
134 
127 
132 
 21 
117 
 71 
152 
177 
191 
137 
137 
189 
122 
141 
 95 
 90 
 84 
139 
 42 
 82 
133 
 55 
 74 
200 
 62 
 95 
 33 
132 
207 
 40 
 78 
149 
174 
160 
 89 
122 
106 
 99 
153 
 76 
201 
175 
155 
123 
111 
118 
192 
146 
 97 
 70 
236 
 99 
131 
 79 
 85 
 34 
 77 
190 
165 
108 
 76 
209 
231 
 71 
 56 
 76 
236 
 77 
131 
138 
195 
 90 
177 
 32 
101 
 46 
196 
 63 
107 
 90 
169 
157 
246 
 53 
161 
170 
158 
112 
229 
112 
164 
 59 
109 
164 
123 
168 
154 
 21 
205 
148 
172 
218 
 70 
 95 
 41 
163 
 18 
122 
 78 
 78 
130 
 60 
160 
116 
 70 
122 
213 
 20 
 56 
 71 
103 
172 
151 
 51 
 85 
149 
185 
134 
119 
 76 
164 
 84 
126 
141 
 77 
194 
162 
126 
132 
105 
189 
157 
195 
111 
179 
193 
 96 
142 
185 
 62 
148 
142 
191 
 74 
 83 
137 
 33 
153 
184 
111 
 57 
140 
176 
 53 
119 
120 
 82 
 56 
105 
147 
239 
184 
 70 
 96 
117 
 97 
223 
113 
163 
140 
105 
105 
180 
 91 
 57 
193 
 42 
122 
 15 
170 
 45 
111 
 73 
 63 
199 
226 
197 
105 
 63 
180 
 86 
180 
192 
178 
191 
 34 
132 
 76 
160 
 79 
151 
160 
213 
190 
121 
 79 
 85 
178 
173 
129 
 74 
 85 
191 
 62 
143 
194 
164 
198 
121 
 14 
197 
116 
152 
 83 
176 
 30 
102 
188 
109 
178 
 94 
 43 
185 
 65 
146 
 48 
 53 
157 
146 
134 
211 
208 
102 
153 
141 
214 
 90 
104 
137 
231 
 73 
141 
 96 
195 
129 
 87 
 54 
200 
158 
 69 
 98 
153 
134 
 37 
 34 
245 
114 
 48 
216 
127 
121 
106 
 62 
166 
154 
 55 
 84 
202 
214 
103 
 36 
 71 
 45 
 74 
162 
205 
146 
178 
 69 
180 
142 
143 
155 
 71 
 49 
 75 
161 
109 
117 
 57 
186 
108 
100 
146 
 72 
209 
107 
168 
151 
 94 
134 
127 
132 
 20 
117 
 71 
152 
177 
191 
137 
137 
189 
122 
141 
 95 
 90 
 84 
139 
 42 
 82 
132 
 56 
 74 
200 
 62 
 95 
 34 
132 
207 
 40 
 78 
148 
174 
160 
 89 
122 
106 
 98 
153 
 76 
201 
176 
156 
123 
111 
118 
192 
145 
 97 
 70 
236 
 99 
130 
 78 
 84 
 34 
 76 
189 
165 
109 
 76 
209 
231 
 71 
 55 
 76 
236 
 77 
130 
139 
198 
 88 
179 
 30 
100 
 43 
198 
 61 
106 
 88 
171 
158 
248 
 50 
163 
172 
159 
112 
232 
112 
166 
 56 
107 
166 
123 
170 
155 
 19 
208 
149 
174 
219 
 68 
 94 
 39 
165 
 16 
122 
 77 
 77 
130 
 58 
161 
115 
 68 
122 
215 
 19 
 54 
 70 
102 
173 
152 
 49 
 84 
149 
187 
134 
118 
 75 
166 
 82 
126 
141 
 77 
194 
161 
126 
133 
105 
188 
158 
194 
111 
180 
193 
 95 
141 
185 
 62 
148 
143 
191 
 74 
 83 
138 
 33 
153 
184 
111 
 57 
140 
176 
 53 
119 
119 
 81 
 53 
105 
148 
241 
186 
 69 
 94 
117 
 96 
226 
113 
165 
140 
105 
103 
181 
 89 
 55 
195 
 40 
122 
 13 
171 
 43 
111 
 71 
 61 
202 
228 
200 
105 
 62 
181 
 86 
181 
193 
178 
191 
 33 
131 
 75 
160 
 79 
151 
161 
215 
190 
121 
 79 
 84 
178 
173 
129 
 73 
 84 
192 
 62 
144 
195 
165 
199 
121 
 14 
197 
116 
153 
 82 
176 
 29 
102 
188 
109 
178 
 94 
 43 
185 
 65 
146 
 48 
 53 
158 
146 
134 
211 
209 
102 
153 
140 
215 
 89 
104 
138 
231 
 73 
141 
 94 
196 
129 
 86 
 52 
202 
159 
 67 
 96 
154 
134 
 34 
 31 
246 
114 
 45 
218 
128 
121 
105 
 61 
167 
155 
 53 
 82 
205 
216 
102 
 34 
 69 
 43 
 74 
162 
205 
145 
178 
 70 
180 
143 
143 
155 
 72 
 49 
 75 
161 
109 
117 
 57 
186 
107 
101 
145 
 72 
209 
107 
168 
150 
 94 
134 
126 
131 
 21 
116 
 70 
153 
179 
193 
137 
137 
190 
122 
141 
 93 
 89 
 83 
140 
 40 
 81 
133 
 53 
 72 
202 
 60 
 93 
 31 
132 
209 
 38 
 76 
149 
176 
161 
 88 
122 
105 
100 
153 
 76 
200 
175 
155 
123 
111 
118 
191 
146 
 97 
 70 
234 
100 
130 
 80 
 84 
 35 
 78 
189 
164 
109 
 76 
208 
229 
 72 
 57 
 76 
235 
 78 
130 
140 
208 
 81 
187 
 20 
 95 
 33 
208 
 52 
101 
 81 
177 
163 
252 
 40 
169 
179 
166 
109 
241 
109 
171 
 47 
104 
171 
121 
177 
160 
 11 
217 
151 
182 
218 
 70 
 95 
 41 
164 
 18 
123 
 78 
 78 
130 
 59 
160 
116 
 70 
120 
213 
 20 
 55 
 70 
102 
173 
151 
 50 
 84 
148 
185 
135 
118 
 76 
164 
 84 
125 
142 
 76 
196 
162 
125 
132 
104 
191 
158 
196 
111 
181 
194 
 95 
142 
187 
 61 
148 
144 
193 
 72 
 82 
137 
 30 
153 
185 
109 
 55 
142 
179 
 52 
118 
120 
 82 
 55 
104 
146 
240 
185 
 70 
 95 
116 
 97 
225 
113 
164 
139 
104 
104 
181 
 91 
 57 
194 
 41 
123 
 14 
171 
 45 
111 
 72 
 62 
200 
226 
198 
104 
 61 
183 
 84 
183 
194 
181 
194 
 30 
132 
 74 
162 
 76 
153 
162 
217 
193 
120 
 76 
 82 
181 
175 
130 
 72 
 82 
194 
 59 
144 
196 
166 
201 
120 
 13 
200 
116 
153 
 80 
177 
 27 
102 
191 
109 
179 
 93 
 41 
187 
 62 
146 
 45 
 52 
160 
146 
135 
214 
211 
102 
153 
142 
217 
 89 
102 
137 
233 
 70 
142 
 93 
198 
130 
 84 
 50 
205 
160 
 64 
 95 
155 
135 
 32 
 29 
248 
113 
 42 
221 
128 
120 
104 
 59 
168 
155 
 52 
 80 
206 
218 
102 
 32 
 68 
 41 
 72 
164 
206 
146 
181 
 68 
181 
144 
144 
155 
 70 
 47 
 74 
162 
109 
116 
 55 
187 
107 
100 
146 
 70 
211 
107 
168 
151 
 93 
135 
128 
132 
 18 
116 
 70 
153 
177 
191 
137 
137 
189 
123 
142 
 95 
 89 
 84 
139 
 41 
 82 
132 
 55 
 74 
201 
 62 
 95 
 33 
132 
208 
 40 
 78 
148 
175 
160 
 89 
120 
107 
 98 
153 
 76 
201 
175 
155 
123 
111 
118 
191 
146 
 98 
 70 
235 
 99 
131 
 79 
 84 
 34 
 77 
190 
165 
108 
 76 
209 
230 
 71 
 56 
 76 
236 
 77 
131 
138 
195 
 90 
176 
 33 
101 
 46 
195 
 63 
107 
 90 
169 
157 
246 
 53 
161 
170 
158 
112 
229 
112 
164 
 59 
109 
164 
123 
168 
154 
 21 
205 
148 
172 
218 
 70 
 95 
 41 
163 
 18 
122 
 78 
 78 
130 
 60 
160 
116 
 70 
122 
213 
 20 
 56 
 71 
103 
172 
151 
 51 
 85 
149 
185 
134 
119 
 76 
164 
 84 
126 
142 
 76 
195 
162 
126 
132 
105 
190 
158 
196 
110 
180 
194 
 95 
142 
186 
 61 
149 
143 
193 
 73 
 82 
138 
 32 
154 
185 
110 
 56 
140 
177 
 52 
119 
120 
 83 
 56 
105 
147 
239 
184 
 71 
 96 
117 
 97 
223 
113 
163 
140 
105 
105 
180 
 91 
 58 
193 
 42 
122 
 15 
169 
 46 
112 
 73 
 63 
199 
225 
197 
104 
 61 
182 
 84 
181 
194 
180 
193 
 32 
132 
 75 
161 
 78 
152 
161 
216 
192 
120 
 78 
 84 
180 
174 
129 
 73 
 84 
193 
 60 
144 
196 
165 
201 
121 
 13 
199 
116 
153 
 82 
177 
 28 
102 
190 
109 
179 
 93 
 42 
186 
 63 
146 
 47 
 52 
158 
146 
134 
213 
210 
102 
154 
141 
216 
 89 
103 
137 
232 
 72 
142 
 94 
198 
129 
 85 
 51 
203 
160 
 65 
 96 
154 
134 
 33 
 30 
247 
113 
 44 
220 
127 
121 
104 
 59 
168 
155 
 52 
 82 
206 
217 
102 
 33 
 68 
 42 
 73 
163 
206 
146 
179 
 68 
181 
143 
143 
156 
 71 
 48 
 74 
161 
108 
117 
 56 
187 
108 
100 
146 
 71 
211 
107 
169 
151 
 93 
134 
127 
132 
 20 
116 
 71 
152 
177 
191 
137 
137 
189 
122 
141 
 95 
 90 
 84 
139 
 42 
 82 
133 
 56 
 74 
200 
 62 
 95 
 33 
132 
207 
 40 
 78 
149 
174 
160 
 89 
122 
106 
 98 
153 
 75 
202 
176 
155 
123 
111 
118 
192 
146 
 97 
 69 
236 
 99 
131 
 78 
 84 
 33 
 76 
190 
165 
108 
 75 
210 
231 
 71 
 55 
 75 
237 
 76 
131 
138 
194 
 91 
176 
 33 
101 
 47 
195 
 64 
107 
 90 
168 
156 
246 
 54 
161 
169 
157 
112 
228 
112 
164 
 59 
109 
164 
123 
167 
153 
 22 
204 
148 
172 
218 
 70 
 95 
 41 
163 
 18 
122 
 78 
 78 
130 
 60 
160 
116 
 70 
122 
213 
 21 
 56 
 71 
103 
172 
151 
 51 
 85 
149 
185 
134 
119 
 76 
164 
 84 
126 
141 
 77 
194 
161 
126 
132 
105 
188 
157 
194 
111 
179 
193 
 96 
142 
185 
 62 
148 
142 
191 
 74 
 84 
137 
 34 
153 
184 
111 
 57 
140 
176 
 54 
119 
120 
 82 
 55 
105 
147 
240 
184 
 70 
 96 
117 
 97 
224 
113 
163 
140 
105 
105 
180 
 91 
 57 
193 
 41 
122 
 15 
170 
 45 
111 
 73 
 63 
200 
226 
198 
105 
 62 
181 
 86 
180 
193 
179 
191 
 33 
132 
 76 
160 
 79 
151 
160 
214 
190 
121 
 79 
 85 
179 
173 
129 
 74 
 85 
192 
 62 
143 
194 
164 
199 
121 
 15 
197 
117 
152 
 83 
176 
 30 
102 
188 
109 
178 
 94 
 44 
185 
 65 
146 
 49 
 54 
157 
146 
134 
211 
208 
102 
153 
141 
214 
 90 
104 
137 
230 
 73 
141 
 96 
194 
129 
 88 
 54 
199 
158 
 69 
 98 
152 
134 
 37 
 34 
245 
114 
 48 
216 
127 
121 
106 
 63 
166 
153 
 56 
 84 
202 
213 
103 
 37 
 71 
 46 
 74 
162 
204 
146 
178 
 70 
179 
142 
143 
155 
 72 
 50 
 75 
161 
109 
117 
 57 
185 
108 
101 
146 
 73 
209 
107 
168 
150 
 94 
134 
127 
132 
 21 
117 
 71 
152 
177 
191 
137 
137 
189 
122 
141 
 95 
 90 
 84 
139 
 42 
 82 
133 
 55 
 74 
200 
 62 
 95 
 33 
132 
207 
 40 
 78 
149 
174 
160 
 89 
122 
106 
 99 
153 
 76 
201 
175 
155 
123 
111 
118 
192 
146 
 97 
 70 
236 
 99 
131 
 79 
 85 
 34 
 77 
190 
165 
108 
 76 
209 
231 
 71 
 56 
 76 
236 
 77 
131 
138 
195 
 90 
177 
 32 
101 
 46 
196 
 63 
107 
 90 
169 
157 
246 
 53 
161 
170 
158 
112 
229 
112 
164 
 59 
109 
164 
123 
168 
154 
 21 
205 
148 
172 
218 
 70 
 95 
 41 
163 
 18 
122 
 78 
 78 
130 
 60 
160 
116 
 70 
122 
213 
 20 
 56 
 71 
103 
172 
151 
 51 
 85 
149 
185 
134 
119 
 76 
164 
 84 
126 
141 
 77 
194 
162 
126 
132 
105 
189 
157 
195 
111 
179 
193 
 96 
142 
185 
 62 
148 
142 
191 
 74 
 83 
137 
 33 
153 
184 
111 
 57 
140 
176 
 53 
119 
120 
 82 
 56 
105 
147 
239 
184 
 70 
 96 
117 
 97 
223 
113 
163 
140 
105 
105 
180 
 91 
 57 
193 
 42 
122 
 15 
170 
 45 
111 
 73 
 63 
199 
226 
197 
105 
 63 
180 
 86 
180 
192 
178 
191 
 34 
132 
 76 
160 
 79 
151 
160 
213 
190 
121 
 79 
 85 
178 
173 
129 
 74 
 85 
191 
 62 
143 
194 
164 
198 
121 
 14 
197 
116 
152 
 83 
176 
 30 
102 
188 
109 
178 
 94 
 43 
185 
 65 
146 
 48 
 53 
157 
146 
134 
211 
208 
102 
153 
141 
214 
 90 
104 
137 
231 
 73 
141 
 96 
195 
129 
 87 
 54 
200 
158 
 69 
 98 
153 
134 
 37 
 34 
245 
114 
 48 
216 
127 
121 
106 
 62 
166 
154 
 55 
 84 
202 
214 
103 
 36 
 71 
 45 
 74 
162 
205 
146 
178 
 69 
180 
142 
143 
155 
 71 
 49 
 75 
161 
109 
117 
 57 
186 
108 
100 
146 
 72 
209 
107 
168 
151 
 94 
134 
127 
132 
 20 
117 
 71 
152 
177 
191 
137 
137 
189 
122 
141 
 95 
 90 
 84 
139 
 42 
 82 
132 
 56 
 74 
200 
 62 
 95 
 34 
132 
207 
 40 
 78 
148 
174 
160 
 89 
122 
106 
 98 
153 
 76 
201 
176 
156 
123 
111 
118 
192 
145 
 97 
 70 
236 
 99 
130 
 78 
 84 
 34 
 76 
189 
165 
109 
 76 
209 
231 
 71 
 55 
 76 
236 
 77 
130 
139 
198 
 88 
179 
 30 
100 
 43 
198 
 61 
106 
 88 
171 
158 
248 
 50 
163 
172 
159 
112 
232 
112 
166 
 56 
107 
166 
123 
170 
155 
 19 
208 
149 
174 
219 
 68 
 94 
 39 
165 
 16 
122 
 77 
 77 
130 
 58 
161 
115 
 68 
122 
215 
 19 
 54 
 70 
102 
173 
152 
 49 
 84 
149 
187 
134 
118 
 75 
166 
 82 
126 
141 
 77 
194 
161 
126 
133 
105 
188 
158 
194 
111 
180 
193 
 95 
141 
185 
 62 
148 
143 
191 
 74 
 83 
138 
 33 
153 
184 
111 
 57 
140 
176 
 53 
119 
119 
 81 
 53 
105 
148 
241 
186 
 69 
 94 
117 
 96 
226 
113 
165 
140 
105 
103 
181 
 89 
 55 
195 
 40 
122 
 13 
171 
 43 
111 
 71 
 61 
202 
228 
200 
105 
 62 
181 
 86 
181 
193 
178 
191 
 33 
131 
 75 
160 
 79 
151 
161 
215 
190 
121 
 79 
 84 
178 
173 
129 
 73 
 84 
192 
 62 
144 
195 
165 
199 
121 
 14 
197 
116 
153 
 82 
176 
 29 
102 
188 
109 
178 
 94 
 43 
185 
 65 
146 
 48 
 53 
158 
146 
134 
211 
209 
102 
153 
140 
215 
 89 
104 
138 
231 
 73 
141 
 94 
196 
129 
 86 
 52 
202 
159 
 67 
 96 
154 
134 
 34 
 31 
246 
114 
 45 
218 
128 
121 
105 
 61 
167 
155 
 53 
 82 
205 
216 
102 
 34 
 69 
 43 
 74 
162 
205 
145 
178 
 70 
180 
143 
143 
155 
 72 
 49 
 75 
161 
109 
117 
 57 
186 
107 
101 
145 
 72 
209 
107 
168 
150 
 94 
134 
126 
131 
 21 
116 
 70 
153 
179 
193 
137 
137 
190 
122 
141 
 93 
 89 
 83 
140 
 40 
 81 
133 
 53 
 72 
202 
 60 
 93 
 31 
132 
209 
 38 
 76 
149 
176 
161 
 88 
122 
105 
100 
153 
 76 
200 
175 
155 
123 
111 
118 
191 
146 
 97 
 70 
234 
100 
130 
 80 
 84 
 35 
 78 
189 
164 
109 
 76 
208 
229 
 72 
 57 
 76 
235 
 78 
130 
140 
208 
 81 
187 
 20 
 95 
 33 
208 
 52 
101 
 81 
177 
163 
252 
 40 
169 
179 
166 
109 
241 
109 
171 
 47 
104 
171 
121 
177 
160 
 11 
217 
151 
182 
218 
 70 
 95 
 41 
164 
 18 
123 
 78 
 78 
130 
 59 
160 
116 
 70 
120 
213 
 20 
 55 
 70 
102 
173 
151 
 50 
 84 
148 
185 
135 
118 
 76 
164 
 84 
125 
142 
 76 
196 
162 
125 
132 
104 
191 
158 
196 
111 
181 
194 
 95 
142 
187 
 61 
148 
144 
193 
 72 
 82 
137 
 30 
153 
185 
109 
 55 
142 
179 
 52 
118 
120 
 82 
 55 
104 
146 
240 
185 
 70 
 95 
116 
 97 
225 
113 
164 
139 
104 
104 
181 
 91 
 57 
194 
 41 
123 
 14 
171 
 45 
111 
 72 
 62 
200 
226 
198 
104 
 61 
183 
 84 
183 
194 
181 
194 
 30 
132 
 74 
162 
 76 
153 
162 
217 
193 
120 
 76 
 82 
181 
175 
130 
 72 
 82 
194 
 59 
144 
196 
166 
201 
120 
 13 
200 
116 
153 
 80 
177 
 27 
102 
191 
109 
179 
 93 
 41 
187 
 62 
146 
 45 
 52 
160 
146 
135 
214 
211 
102 
153 
142 
217 
 89 
102 
137 
233 
 70 
142 
 93 
198 
130 
 84 
 50 
205 
160 
 64 
 95 
155 
135 
 32 
 29 
248 
113 
 42 
221 
128 
120 
104 
 59 
168 
155 
 52 
 80 
206 
218 
102 
 32 
 68 
 41 
 72 
164 
206 
146 
181 
 68 
181 
144 
144 
155 
 70 
 47 
 74 
162 
109 
116 
 55 
187 
107 
100 
146 
 70 
211 
107 
168 
151 
 93 
135 
128 
132 
 18 
116 
 70 
153 
177 
191 
137 
137 
189 
123 
142 
 95 
 89 
 84 
139 
 41 
 82 
132 
 55 
 74 
201 
 62 
 95 
 33 
132 
208 
 40 
 78 
148 
175 
160 
 89 
120 
107 