101 
 68 
157 
140 
 34 
154 
 85 
184 
171 
165 
170 
 42 
 60 
 81 
185 
173 
 90 
103 
131 
101 
172 
169 
150 
 78 
 91 
150 
 73 
129 
 45 
 95 
 62 
196 
119 
117 
109 
182 
203 
 70 
 94 
195 
151 
 84 
 73 
 94 
195 
 91 
119 
 55 
 48 
 56 
131 
 77 
228 
142 
 82 
194 
192 
106 
162 
110 
104 
146 
209 
 87 
128 
111 
106 
127 
145 
126 
195 
 93 
 94 
125 
111 
138 
 58 
117 
 41 
214 
107 
187 
116 
103 
151 
130 
138 
 75 
177 
136 
105 
201 
 63 
184 
139 
 95 
204 
143 
 96 
137 
162 
127 
182 
175 
106 
198 
140 
164 
172 
 37 
 79 
104 
 55 
 36 
 67 
 83 
210 
152 
 28 
122 
 87 
214 
 88 
201 
 87 
 70 
120 
 94 
169 
 92 
157 
106 
 91 
 60 
 40 
137 
219 
 96 
186 
 58 
131 
156 
133 
 63 
 97 
140 
193 
 80 
 99 
106 
 80 
104 
 95 
140 
 64 
147 
 42 
213 
120 
157 
148 
139 
 43 
237 
192 
164 
 80 
143 
124 
219 
206 
223 
142 
148 
130 
 73 
110 
214 
 78 
120 
110 
166 
 98 
190 
212 
156 
170 
130 
107 
 69 
162 
 99 
124 
 61 
190 
118 
215 
119 
158 
139 
171 
174 
203 
 82 
 34 
 85 
135 
 70 
 87 
 61 
 76 
 90 
124 
111 
126 
199 
 23 
 42 
 72 
142 
 74 
 80 
 86 
185 
153 
105 
141 
 82 
132 
 56 
 87 
102 
 87 
217 
129 
226 
210 
226 
173 
 56 
168 
170 
 72 
110 
106 
120 
 66 
141 
124 
114 
213 
188 
128 
143 
130 
163 
 41 
114 
140 
 81 
 68 
 30 
 61 
 58 
 98 
141 
179 
 17 
112 
139 
 77 
 99 
 84 
122 
179 
  5 
230 
 68 
163 
125 
148 
198 
166 
 96 
216 
 92 
178 
237 
 68 
156 
127 
 96 
158 
157 
116 
129 
171 
194 
129 
 38 
167 
222 
128 
104 
 99 
120 
 75 
129 
151 
123 
 64 
 96 
142 
 85 
111 
165 
175 
162 
195 
123 
101 
 67 
157 
140 
 33 
154 
 85 
184 
172 
165 
170 
 41 
 59 
 80 
185 
173 
 90 
103 
131 
101 
172 
170 
150 
 78 
 91 
150 
 72 
129 
 44 
 94 
 61 
197 
119 
117 
110 
181 
203 
 70 
 94 
194 
151 
 84 
 73 
 94 
194 
 91 
119 
 56 
 49 
 56 
131 
 77 
227 
142 
 82 
193 
192 
107 
161 
110 
104 
145 
208 
 87 
128 
111 
106 
127 
144 
126 
195 
 93 
 94 
125 
111 
138 
 58 
117 
 41 
214 
107 
187 
116 
103 
151 
130 
138 
 75 
177 
136 
105 
201 
 63 
184 
139 
 95 
202 
143 
 97 
137 
161 
127 
180 
173 
107 
196 
140 
163 
170 
 39 
 80 
104 
 57 
 38 
 69 
 84 
209 
152 
 30 
122 
 88 
212 
 90 
200 
 88 
 72 
120 
 95 
169 
 92 
158 
106 
 91 
 59 
 39 
137 
220 
 96 
187 
 57 
131 
156 
133 
 62 
 97 
140 
193 
 80 
 99 
106 
 80 
103 
 94 
140 
 64 
147 
 42 
213 
120 
157 
147 
139 
 45 
236 
191 
163 
 82 
142 
124 
218 
204 
221 
141 
148 
130 
 74 
111 
213 
 79 
120 
110 
165 
 99 
189 
210 
155 
169 
130 
108 
 71 
161 
100 
124 
 63 
189 
119 
213 
119 
157 
139 
170 
173 
202 
 83 
 35 
 86 
135 
 71 
 88 
 62 
 78 
 91 
124 
112 
126 
197 
 25 
 44 
 73 
142 
 75 
 81 
 87 
184 
152 
106 
140 
 85 
132 
 59 
 89 
104 
 89 
213 
129 
222 
206 
222 
170 
 60 
165 
168 
 75 
111 
107 
120 
 69 
141 
124 
115 
209 
184 
128 
142 
130 
161 
 43 
114 
140 
 82 
 70 
 32 
 62 
 60 
 99 
141 
178 
 19 
113 
138 
 78 
100 
 85 
123 
178 
  5 
229 
 70 
162 
125 
147 
196 
165 
 97 
214 
 93 
177 
236 
 68 
156 
127 
 96 
158 
157 
116 
129 
171 
194 
129 
 38 
167 
222 
128 
104 
 99 
120 
 75 
129 
151 
123 
 64 
 96 
142 
 85 
111 
165 
175 
162 
195 
123 
101 
 68 
157 
140 
 34 
154 
 85 
184 
171 
165 
170 
 42 
 60 
 80 
185 
173 
 90 
103 
131 
101 
172 
169 
150 
 78 
 91 
150 
 73 
129 
 45 
 95 
 62 
196 
119 
117 
109 
182 
204 
 70 
 94 
195 
151 
 83 
 73 
 94 
195 
 91 
119 
 55 
 48 
 56 
131 
 76 
228 
142 
 81 
194 
192 
106 
162 
110 
104 
146 
209 
 86 
128 
111 
106 
127 
144 
126 
195 
 93 
 94 
125 
111 
137 
 58 
117 
 41 
214 
107 
187 
116 
103 
151 
130 
138 
 75 
177 
136 
105 
201 
 63 
184 
139 
 95 
202 
143 
 97 
137 
161 
127 
181 
173 
107 
196 
140 
164 
171 
 38 
 80 
104 
 56 
 37 
 68 
 84 
209 
152 
 30 
122 
 88 
212 
 89 
200 
 88 
 71 
120 
 95 
169 
 92 
158 
106 
 91 
 59 
 39 
137 
220 
 96 
187 
 57 
131 
156 
132 
 62 
 97 
140 
193 
 79 
 99 
106 
 80 
103 
 95 
140 
 64 
147 
 42 
213 
120 
157 
147 
139 
 45 
235 
190 
163 
 82 
142 
124 
217 
204 
221 
141 
148 
130 
 75 
111 
212 
 80 
120 
111 
165 
 99 
188 
210 
155 
169 
130 
108 
 71 
161 
100 
124 
 63 
189 
119 
214 
119 
157 
139 
170 
173 
202 
 83 
 35 
 86 
135 
 71 
 88 
 62 
 77 
 91 
124 
112 
126 
197 
 25 
 44 
 73 
142 
 74 
 81 
 87 
184 
152 
106 
140 
 84 
132 
 59 
 89 
104 
 89 
213 
129 
223 
207 
222 
171 
 60 
166 
168 
 75 
111 
107 
120 
 69 
141 
124 
115 
209 
185 
128 
142 
130 
161 
 42 
114 
140 
 82 
 69 
 31 
 62 
 59 
 98 
141 
178 
 18 
113 
138 
 78 
100 
 85 
123 
178 
  5 
230 
 69 
162 
125 
148 
197 
165 
 97 
215 
 93 
177 
236 
 68 
156 
127 
 96 
158 
157 
116 
128 
171 
193 
128 
 38 
167 
222 
128 
104 
 99 
120 
 75 
129 
151 
123 
 64 
 96 
142 
 85 
111 
165 
175 
162 
195 
123 
101 
 68 
157 
140 
 33 
154 
 86 
184 
172 
165 
169 
 41 
 59 
 81 
185 
173 
 90 
103 
132 
101 
172 
169 
150 
 78 
 90 
150 
 72 
129 
 44 
 94 
 61 
197 
119 
116 
109 
184 
206 
 68 
 92 
198 
152 
 81 
 70 
 92 
198 
 89 
119 
 52 
 45 
 53 
130 
 74 
231 
142 
 80 
197 
196 
106 
163 
109 
103 
146 
212 
 84 
129 
110 
106 
128 
145 
126 
197 
 92 
 93 
125 
110 
138 
 56 
117 
 40 
215 
106 
189 
115 
102 
152 
130 
138 
 74 
179 
136 
105 
203 
 61 
185 
140 
 94 
203 
143 
 96 
136 
161 
128 
181 
174 
106 
196 
140 
164 
171 
 38 
 80 
104 
 56 
 37 
 68 
 83 
209 
151 
 29 
122 
 88 
212 
 89 
200 
 88 
 71 
120 
 95 
171 
 90 
158 
105 
 90 
 57 
 37 
137 
222 
 94 
188 
 55 
132 
157 
133 
 60 
 96 
140 
195 
 78 
 98 
105 
 78 
102 
 93 
141 
 62 
148 
 40 
215 
119 
158 
148 
139 
 44 
236 
191 
164 
 81 
143 
124 
218 
205 
222 
141 
148 
130 
 74 
111 
213 
 79 
120 
110 
165 
 99 
189 
211 
155 
169 
130 
107 
 70 
161 
100 
125 
 63 
189 
119 
214 
119 
158 
139 
171 
173 
202 
 82 
 35 
 86 
135 
 71 
 88 
 62 
 78 
 91 
124 
111 
126 
197 
 24 
 44 
 73 
141 
 74 
 81 
 87 
184 
153 
105 
140 
 83 
131 
 57 
 88 
102 
 88 
215 
129 
225 
209 
225 
172 
 58 
167 
169 
 73 
110 
106 
120 
 67 
141 
124 
115 
211 
187 
129 
143 
130 
162 
 43 
115 
140 
 82 
 69 
 32 
 62 
 60 
 99 
141 
178 
 18 
112 
139 
 78 
100 
 84 
122 
178 
  5 
229 
 69 
162 
125 
148 
197 
165 
 96 
215 
 93 
177 
236 
 67 
157 
128 
 94 
158 
158 
115 
129 
173 
196 
129 
 36 
168 
224 
128 
103 
 98 
119 
 74 
129 
152 
122 
 62 
 94 
142 
 83 
110 
166 
177 
163 
197 
122 
102 
 70 
155 
139 
 35 
153 
 87 
183 
171 
164 
168 
 42 
 61 
 82 
183 
173 
 91 
104 
132 
102 
171 
168 
151 
 80 
 91 
148 
 74 
130 
 45 
 95 
 62 
194 
118 
115 
106 
192 
215 
 58 
 86 
208 
157 
 76 
 63 
 86 
208 
 84 
118 
 43 
 36 
 43 
131 
 65 
239 
146 
 73 
206 
203 
101 
169 
106 
 98 
149 
222 
 78 
128 
111 
107 
128 
144 
125 
194 
 93 
 93 
125 
111 
137 
 57 
118 
 41 
214 
107 
187 
116 
102 
151 
130 
139 
 74 
177 
137 
104 
201 
 62 
183 
139 
 95 
205 
144 
 95 
137 
162 
128 
183 
175 
107 
198 
142 
164 
173 
 35 
 78 
104 
 54 
 35 
 66 
 82 
211 
153 
 27 
123 
 87 
214 
 89 
203 
 87 
 70 
120 
 93 
168 
 91 
158 
107 
 91 
 59 
 38 
137 
220 
 95 
187 
 57 
132 
155 
132 
 62 
 97 
139 
193 
 80 
100 
107 
 80 
104 
 95 
139 
 64 
148 
 41 
214 
120 
158 
148 
139 
 42 
238 
193 
164 
 80 
144 
125 
221 
206 
223 
142 
148 
130 
 72 
109 
215 
 78 
120 
109 
166 
 97 
191 
213 
158 
171 
130 
107 
 68 
162 
100 
125 
 61 
191 
118 
215 
118 
158 
139 
173 
175 
205 
 80 
 33 
 84 
135 
 70 
 87 
 59 
 76 
 89 
123 
111 
125 
200 
 22 
 41 
 70 
142 
 72 
 78 
 84 
187 
153 
104 
142 
 82 
132 
 55 
 87 
102 
 87 
218 
130 
227 
211 
227 
173 
 55 
168 
171 
 72 
109 
107 
120 
 64 
142 
125 
113 
214 
189 
128 
144 
130 
164 
 40 
113 
139 
 80 
 68 
 29 
 61 
 57 
 97 
142 
179 
 16 
111 
139 
 76 
100 
 84 
123 
179 
  4 
231 
 68 
164 
125 
148 
198 
166 
 95 
217 
 91 
179 
238 
 68 
158 
128 
 95 
158 
158 
116 
128 
171 
194 
128 
 38 
168 
222 
128 
104 
100 
120 
 76 
130 
151 
123 
 64 
 95 
142 
 84 
111 
164 
175 
162 
196 
123 
101 
 68 
157 
140 
 34 
154 
 85 
184 
171 
165 
170 
 42 
 60 
 81 
185 
173 
 90 
103 
131 
101 
172 
169 
150 
 78 
 91 
150 
 73 
129 
 45 
 95 
 62 
196 
119 
117 
109 
182 
203 
 70 
 94 
195 
151 
 84 
 73 
 94 
195 
 91 
119 
 55 
 48 
 56 
131 
 77 
228 
142 
 82 
194 
192 
106 
162 
110 
104 
146 
209 
 87 
128 
111 
106 
127 
145 
126 
195 
 93 
 94 
125 
111 
138 
 58 
117 
 41 
214 
107 
187 
116 
103 
151 
130 
138 
 75 
177 
136 
105 
201 
 63 
184 
139 
 95 
204 
143 
 96 
137 
162 
127 
182 
175 
106 
198 
140 
164 
172 
 37 
 79 
104 
 55 
 36 
 67 
 83 
210 
152 
 28 
122 
 87 
214 
 88 
201 
 87 
 70 
120 
 94 
169 
 92 
157 
106 
 91 
 60 
 40 
137 
219 
 96 
186 
 58 
131 
156 
133 
 63 
 97 
140 
193 
 80 
 99 
106 
 80 
104 
 95 
140 
 64 
147 
 42 
213 
120 
157 
148 
139 
 43 
237 
192 
164 
 80 
143 
124 
219 
206 
223 
142 
148 
130 
 73 
110 
214 
 78 
120 
110 
166 
 98 
190 
212 
156 
170 
130 
107 
 69 
162 
 99 
124 
 61 
190 
118 
215 
119 
158 
139 
171 
174 
203 
 82 
 34 
 85 
135 
 70 
 87 
 61 
 76 
 90 
124 
111 
126 
199 
 23 
 42 
 72 
142 
 74 
 80 
 86 
185 
153 
105 
141 
 82 
132 
 56 
 87 
102 
 87 
217 
129 
226 
210 
226 
173 
 56 
168 
170 
 72 
110 
106 
120 
 66 
141 
124 
114 
213 
188 
128 
143 
130 
163 
 41 
114 
140 
 81 
 68 
 30 
 61 
 58 
 98 
141 
179 
 17 
112 
139 
 77 
 99 
 84 
122 
179 
  5 
230 
 68 
163 
125 
148 
198 
166 
 96 
216 
 92 
178 
237 
 68 
156 
127 
 96 
158 
157 
116 
129 
171 
194 
129 
 38 
167 
222 
128 
104 
 99 
120 
 75 
129 
151 
123 
 64 
 96 
142 
 85 
111 
165 
175 
162 
195 
123 
101 
 67 
157 
140 
 33 
154 
 85 
184 
172 
165 
170 
 41 
 59 
 80 
185 
173 
 90 
103 
131 
101 
172 
170 
150 
 78 
 91 
150 
 72 
129 
 44 
 94 
 61 
197 
119 
117 
110 
181 
203 
 70 
 94 
194 
151 
 84 
 73 
 94 
194 
 91 
119 
 56 
 49 
 56 
131 
 77 
227 
142 
 82 
193 
192 
107 
161 
110 
104 
145 
208 
 87 
128 
111 
106 
127 
144 
126 
195 
 93 
 94 
125 
111 
138 
 58 
117 
 41 
214 
107 
187 
116 
103 
151 
130 
138 
 75 
177 
136 
105 
201 
 63 
184 
139 
 95 
202 
143 
 97 
137 
161 
127 
180 
173 
107 
196 
140 
163 
170 
 39 
 80 
104 
 57 
 38 
 69 
 84 
209 
152 
 30 
122 
 88 
212 
 90 
200 
 88 
 72 
120 
 95 
169 
 92 
158 
106 
 91 
 59 
 39 
137 
220 
 96 
187 
 57 
131 
156 
133 
 62 
 97 
140 
193 
 80 
 99 
106 
 80 
103 
 94 
140 
 64 
147 
 42 
213 
120 
157 
147 
139 
 45 
236 
191 
163 
 82 
142 
124 
218 
204 
221 
141 
148 
130 
 74 
111 
213 
 79 
120 
110 
165 
 99 
189 
210 
155 
169 
130 
108 
 71 
161 
100 
124 
 63 
189 
119 
213 
119 
157 
139 
170 
173 
202 
 83 
 35 
 86 
135 
 71 
 88 
 62 
 78 
 91 
124 
112 
126 
197 
 25 
 44 
 73 
142 
 75 
 81 
 87 
184 
152 
106 
140 
 85 
132 
 59 
 89 
104 
 89 
213 
129 
222 
206 
222 
170 
 60 
165 
168 
 75 
111 
107 
120 
 69 
141 
124 
115 
209 
184 
128 
142 
130 
161 
 43 
114 
140 
 82 
 70 
 32 
 62 
 60 
 99 
141 
178 
 19 
113 
138 
 78 
100 
 85 
123 
178 
  5 
229 
 70 
162 
125 
147 
196 
165 
 97 
214 
 93 
177 
236 
 68 
156 
127 
 96 
158 
157 
116 
129 
171 
194 
129 
 38 
167 
222 
128 
104 
 99 
120 
 75 
129 
151 
123 
 64 
 96 
142 
 85 
111 
165 
175 
162 
195 
123 
101 
 68 
157 
140 
 34 
154 
 85 
184 
171 
165 
170 
 42 
 60 
 80 
185 
173 
 90 
103 
131 
101 
172 
169 
150 
 78 
 91 
150 
 73 
129 
 45 
 95 
 62 
196 
119 
117 
109 
182 
204 
 70 
 94 
195 
151 
 83 
 73 
 94 
195 
 91 
119 
 55 
 48 
 56 
131 
 76 
228 
142 
 81 
194 
192 
106 
162 
110 
104 
146 
209 
 86 
128 
111 
106 
127 
144 
126 
195 
 93 
 94 
125 
111 
137 
 58 
117 
 41 
214 
107 
187 
116 
103 
151 
130 
138 
 75 
177 
136 
105 
201 
 63 
184 
139 
 95 
202 
143 
 97 
137 
161 
127 
181 
173 
107 
196 
140 
164 
171 
 38 
 80 
104 
 56 
 37 
 68 
 84 
209 
152 
 30 
122 
 88 
212 
 89 
200 
 88 
 71 
120 
 95 
169 
 92 
158 
106 
 91 
 59 
 39 
137 
220 
 96 
187 
 57 
131 
156 
132 
 62 
 97 
140 
193 
 79 
 99 
106 
 80 
103 
 95 
140 
 64 
147 
 42 
213 
120 
157 
147 
139 
 45 
235 
190 
163 
 82 
142 
124 
217 
204 
221 
141 
148 
130 
 75 
111 
212 
 80 
120 
111 
165 
 99 
188 
210 
155 
169 
130 
108 
 71 
161 
100 
124 
 63 
189 
119 
214 
119 
157 
139 
170 
173 
202 
 83 
 35 
 86 
135 
 71 
 88 
 62 
 77 
 91 
124 
112 
126 
197 
 25 
 44 
 73 
142 
 74 
 81 
 87 
184 
152 
106 
140 
 84 
132 
 59 
 89 
104 
 89 
213 
129 
223 
207 
222 
171 
 60 
166 
168 
 75 
111 
107 
120 
 69 
141 
124 
115 
209 
185 
128 
142 
130 
161 
 42 
114 
140 
 82 
 69 
 31 
 62 
 59 
 98 
141 
178 
 18 
113 
138 
 78 
100 
 85 
123 
178 
  5 
230 
 69 
162 
125 
148 
197 
165 
 97 
215 
 93 
177 
236 
 68 
156 
127 
 96 
158 
157 
116 
128 
171 
193 
128 
 38 
167 
222 
128 
104 
 99 
120 
 75 
129 
151 
123 
 64 
 96 
142 
 85 
111 
165 
175 
162 
195 
123 
101 
 68 
157 
140 
 33 
154 
 86 
184 
172 
165 
169 
 41 
 59 
 81 
185 
173 
 90 
103 
132 
101 
172 
169 
150 
 78 
 90 
150 
 72 
129 
 44 
 94 
 61 
197 
119 
116 
109 
184 
206 
 68 
 92 
198 
152 
 81 
 70 
 92 
198 
 89 
119 
 52 
 45 
 53 
130 
 74 
231 
142 
 80 
197 
196 
106 
163 
109 
103 
146 
212 
 84 
129 
110 
106 
128 
145 
126 
197 
 92 
 93 
125 
110 
138 
 56 
117 
 40 
215 
106 
189 
115 
102 
152 
130 
138 
 74 
179 
136 
105 
203 
 61 
185 
140 
 94 
203 
143 
 96 
136 
161 
128 
181 
174 
106 
196 
140 
164 
171 
 38 
 80 
104 
 56 
 37 
 68 
 83 
209 
151 
 29 
122 
 88 
212 
 89 
200 
 88 
 71 
120 
 95 
171 
 90 
158 
105 
 90 
 57 
 37 
137 
222 
 94 
188 
 55 
132 
157 
133 
 60 
 96 
140 
195 
 78 
 98 
105 
 78 
102 
 93 
141 
 62 
148 
 40 
215 
119 
158 
148 
139 
 44 
236 
191 
164 
 81 
143 
124 
218 
205 
222 
141 
148 
130 
 74 
111 
213 
 79 
120 
110 
165 
 99 
189 
211 
155 
169 
130 
107 
 70 
161 
100 
125 
 63 
189 
119 
214 
119 
158 
139 
171 
173 
202 
 82 
 35 
 86 
135 
 71 
 88 
 62 
 78 
 91 
124 
111 
126 
197 
 24 
 44 
 73 
141 
 74 
 81 
 87 
184 
153 
105 
140 
 83 
131 
 57 
 88 
102 
 88 
215 
129 
225 
209 
225 
172 
 58 
167 
169 
 73 
110 
106 
120 
 67 
141 
124 
115 
211 
187 
129 
143 
130 
162 
 43 
115 
140 
 82 
 69 
 32 
 62 
 60 
 99 
141 
178 
 18 
112 
139 
 78 
100 
 84 
122 
178 
  5 
229 
 69 
162 
125 
148 
197 
165 
 96 
215 
 93 
177 
236 
 67 
157 
128 
 94 
158 
158 
115 
129 
173 
196 
129 
 36 
168 
224 
128 
103 
 98 
119 
 74 
129 
152 
122 
 62 
 94 
142 
 83 
110 
166 
177 
163 
197 
122 
102 
 70 
155 
139 
 35 
153 
 87 
183 
171 
164 
168 
 42 
 61 
 82 
183 
173 
 91 
104 
132 
102 
171 
168 
151 
 80 
 91 
148 
 74 
130 
 45 
 95 
 62 
194 
118 
115 
106 
192 
215 
 58 
 86 
208 
157 
 76 
 63 
 86 
208 
 84 
118 
 43 
 36 
 43 
131 
 65 
239 
146 
 73 
206 
203 
101 
169 
106 
 98 
149 
222 
 78 
128 
111 
107 
128 
144 
125 
194 
 93 
 93 
125 
111 
137 
 57 
118 
 41 
214 
107 
187 
116 
102 
151 
130 
139 
 74 
177 
137 
104 
201 
 62 
183 
139 
 95 
205 
144 
 95 
137 
162 
128 
183 
175 
107 
198 
142 
164 
173 
 35 
 78 
104 
 54 
 35 
 66 
 82 
211 
153 
 27 
123 
 87 
214 
 89 
203 
 87 
 70 
120 
 93 
168 
 91 
158 
107 
 91 
 59 
 38 
137 
220 
 95 
187 
 57 
132 
155 
132 
 62 
 97 
139 
193 
 80 
100 
107 
 80 
104 
 95 
139 
 64 
148 
 41 
214 
120 
158 
148 
139 
 42 
238 
193 
164 
 80 
144 
125 
221 
206 
223 
142 
148 
130 
 72 
109 
215 
 78 
120 
109 
166 
 97 
191 
213 
158 
171 
130 
107 
 68 
162 
100 
125 
 61 
191 
118 
215 
118 
158 
139 
173 
175 
205 
 80 
 33 
 84 
135 
 70 
 87 
 59 
 76 
 89 
123 
111 
125 
200 
 22 
 41 
 70 
142 
 72 
 78 
 84 
187 
153 
104 
142 
 82 
132 
 55 
 87 
102 
 87 
218 
130 
227 
211 
227 
173 
 55 
168 
171 
 72 
109 
107 
120 
 64 
142 
125 
113 
214 
189 
128 
144 
130 
164 
 40 
113 
139 
 80 
 68 
 29 
 61 
 57 
 97 
142 
179 
 16 
111 
139 
 76 
100 
 84 
123 
179 
  4 
231 
 68 
164 
125 
148 
198 
166 
 95 
217 
 91 
179 
238 
 68 
158 
128 
 95 
158 
158 
116 
128 
171 
194 
128 
 38 
168 
222 
128 
104 
100 
120 
 76 
130 
151 
123 
 64 
 95 
142 
 84 
111 
164 
175 
162 
196 
123 